E:\Anaconda3\envs\python3.7\python.exe D:/Desktop/文件夹/Food-BERT/FastTextModel/train_test.py
Warning : `load_model` does not return WordVectorModel or SupervisedModel any more, but a `FastText` object which is very similar.
100%|██████████| 413/413 [00:00<00:00, 1747.28it/s]
[0, 2, 0, 0, 0, 2, 2, 0, 0, 0, 1, 2, 0, 0, 0, 0, 0, 2, 2, 2, 0, 0, 2, 0, 0, 2, 0, 2, 0, 2, 2, 0, 0, 3, 2, 2, 2, 0, 0, 0, 0, 2, 0, 2, 2, 1, 2, 2, 3, 2, 2, 0, 2, 3, 1, 2, 0, 0, 2, 3, 0, 0, 3, 1, 0, 0, 0, 2, 2, 2, 0, 2, 2, 0, 1, 0, 0, 0, 2, 0, 0, 0, 2, 0, 0, 0, 2, 0, 2, 2, 0, 2, 1, 0, 0, 0, 2, 0, 0, 2, 0, 0, 0, 2, 2, 2, 0, 0, 2, 0, 0, 2, 2, 0, 2, 2, 0, 0, 2, 2, 2, 2, 2, 0, 2, 0, 2, 0, 3, 2, 2, 2, 0, 2, 2, 1, 2, 0, 0, 0, 2, 2, 2, 2, 1, 0, 2, 2, 0, 0, 0, 0, 0, 0, 0, 0, 2, 2, 0, 0, 2, 3, 0, 1, 0, 2, 2, 0, 2, 2, 0, 2, 0, 2, 0, 0, 0, 0, 3, 0, 1, 0, 2, 0, 2, 0, 3, 0, 2, 0, 2, 0, 0, 2, 0, 0, 2, 2, 0, 2, 0, 0, 2, 0, 2, 3, 0, 2, 0, 0, 1, 0, 2, 2, 2, 0, 3, 0, 2, 2, 0, 2, 1, 0, 2, 2, 0, 2, 0, 0, 0, 2, 2, 2, 2, 0, 2, 2, 0, 0, 0, 0, 0, 0, 2, 1, 2, 2, 2, 0, 0, 0, 2, 0, 0, 0, 2, 2, 0, 0, 0, 0, 2, 2, 2, 0, 2, 0, 2, 0, 2, 0, 2, 2, 0, 2, 0, 2, 2, 3, 2, 1, 0, 0, 0, 0, 2, 0, 2, 0, 2, 1, 0, 0, 2, 2, 0, 0, 0, 0, 0, 2, 0, 3, 0, 0, 0, 0, 0, 1, 2, 0, 1, 2, 0, 2, 0, 2, 1, 2, 2, 2, 0, 0, 2, 2, 0, 0, 0, 2, 3, 0, 2, 0, 0, 0, 2, 0, 0, 0, 0, 0, 2, 0, 0, 1, 0, 0, 0, 2, 0, 2, 2, 0, 2, 0, 0, 2, 2, 2, 2, 0, 2, 2, 2, 2, 0, 0, 0, 2, 2, 3, 2, 0, 0, 0, 0, 0, 0, 0, 0, 2, 2, 2, 0, 0, 2, 1, 0, 2, 2, 2, 0, 2, 2, 2, 2, 1, 0, 0, 2, 2, 2, 0, 0, 1, 2, 2, 2, 3, 0, 0, 0]
[2, 2, 2, 2, 2, 2, 2, 2, 2, 2, 2, 2, 2, 2, 2, 2, 2, 2, 2, 2, 2, 2, 2, 2, 2, 2, 2, 2, 2, 2, 2, 2, 2, 2, 2, 2, 2, 2, 2, 2, 2, 2, 2, 2, 2, 2, 2, 2, 2, 2, 2, 2, 2, 2, 2, 2, 2, 2, 2, 2, 2, 2, 2, 2, 2, 2, 2, 2, 2, 2, 2, 2, 2, 2, 2, 2, 2, 2, 2, 2, 2, 2, 2, 2, 2, 2, 2, 2, 2, 2, 2, 2, 2, 2, 2, 2, 2, 2, 2, 2, 2, 2, 2, 2, 2, 2, 2, 2, 2, 2, 2, 2, 2, 2, 2, 2, 2, 2, 2, 2, 2, 2, 2, 2, 2, 2, 2, 2, 2, 2, 2, 2, 2, 2, 2, 2, 2, 2, 2, 2, 2, 2, 2, 2, 2, 2, 2, 2, 2, 2, 2, 2, 2, 2, 2, 2, 2, 2, 2, 2, 2, 2, 2, 2, 2, 2, 2, 2, 2, 2, 2, 2, 2, 2, 2, 2, 2, 2, 2, 2, 2, 2, 2, 2, 2, 2, 2, 2, 2, 2, 2, 2, 2, 2, 2, 2, 2, 2, 2, 2, 2, 2, 2, 2, 2, 2, 2, 2, 2, 2, 2, 2, 2, 2, 2, 2, 2, 2, 2, 2, 2, 2, 2, 2, 2, 2, 2, 2, 2, 2, 2, 2, 2, 2, 2, 2, 2, 2, 2, 2, 2, 2, 2, 2, 2, 2, 2, 2, 2, 2, 2, 2, 2, 2, 2, 2, 2, 2, 2, 2, 2, 2, 2, 2, 2, 2, 2, 2, 2, 2, 2, 2, 2, 2, 2, 2, 2, 2, 2, 2, 2, 2, 2, 2, 2, 2, 2, 2, 2, 2, 2, 2, 2, 2, 2, 2, 2, 2, 2, 2, 2, 2, 2, 2, 2, 2, 2, 2, 2, 2, 2, 2, 2, 2, 2, 2, 2, 2, 2, 2, 2, 2, 2, 2, 2, 2, 2, 2, 2, 2, 2, 2, 2, 2, 2, 2, 2, 2, 2, 2, 2, 2, 2, 2, 2, 2, 2, 2, 2, 2, 2, 2, 2, 2, 2, 2, 2, 2, 2, 2, 2, 2, 2, 2, 2, 2, 2, 2, 2, 2, 2, 2, 2, 2, 2, 2, 2, 2, 2, 2, 2, 2, 2, 2, 2, 2, 2, 2, 2, 2, 2, 2, 2, 2, 2, 2, 2, 2, 2, 2, 2, 2, 2, 2, 2, 2, 2, 2, 2, 2, 2, 2, 2]
E:\Anaconda3\envs\python3.7\lib\site-packages\sklearn\metrics\_classification.py:1245: UndefinedMetricWarning: Precision and F-score are ill-defined and being set to 0.0 in labels with no predicted samples. Use `zero_division` parameter to control this behavior.
  _warn_prf(average, modifier, msg_start, len(result))
E:\Anaconda3\envs\python3.7\lib\site-packages\sklearn\metrics\_classification.py:1245: UndefinedMetricWarning: Precision and F-score are ill-defined and being set to 0.0 in labels with no predicted samples. Use `zero_division` parameter to control this behavior.
  _warn_prf(average, modifier, msg_start, len(result))
E:\Anaconda3\envs\python3.7\lib\site-packages\sklearn\metrics\_classification.py:1245: UndefinedMetricWarning: Precision and F-score are ill-defined and being set to 0.0 in labels with no predicted samples. Use `zero_division` parameter to control this behavior.
  _warn_prf(average, modifier, msg_start, len(result))
Warning : `load_model` does not return WordVectorModel or SupervisedModel any more, but a `FastText` object which is very similar.
              precision    recall  f1-score   support

  __label__0  0.00000000 0.00000000 0.00000000       205
  __label__1  0.00000000 0.00000000 0.00000000        22
  __label__2  0.41162228 1.00000000 0.58319039       170
  __label__3  0.00000000 0.00000000 0.00000000        16

    accuracy                      0.41162228       413
   macro avg  0.10290557 0.25000000 0.14579760       413
weighted avg  0.16943290 0.41162228 0.24005416       413

accuracy	 0.4116222760290557
100%|██████████| 413/413 [00:00<00:00, 3834.28it/s]
[2, 0, 0, 1, 2, 2, 2, 2, 2, 2, 2, 3, 0, 2, 2, 0, 0, 0, 2, 0, 0, 2, 2, 0, 2, 0, 2, 2, 2, 2, 2, 0, 0, 0, 2, 0, 2, 0, 3, 0, 1, 0, 0, 2, 0, 2, 3, 0, 2, 2, 0, 2, 0, 2, 2, 0, 0, 0, 2, 2, 0, 2, 2, 2, 2, 0, 1, 0, 0, 0, 2, 0, 0, 2, 2, 0, 0, 2, 0, 1, 0, 2, 0, 2, 0, 0, 0, 3, 2, 0, 0, 0, 2, 2, 0, 1, 2, 2, 0, 0, 0, 0, 0, 2, 2, 0, 0, 0, 2, 0, 0, 0, 0, 1, 2, 2, 0, 0, 2, 2, 0, 2, 0, 0, 0, 2, 0, 0, 2, 0, 2, 2, 0, 2, 2, 0, 2, 1, 2, 0, 0, 2, 0, 0, 2, 2, 1, 2, 2, 1, 2, 2, 0, 0, 1, 2, 3, 0, 0, 3, 0, 2, 0, 2, 2, 0, 0, 2, 0, 2, 0, 0, 2, 0, 0, 2, 1, 0, 0, 0, 0, 2, 2, 0, 2, 2, 0, 0, 0, 2, 2, 0, 2, 2, 2, 2, 0, 0, 2, 0, 3, 0, 3, 2, 0, 2, 0, 0, 0, 0, 2, 2, 2, 0, 0, 2, 0, 2, 2, 2, 0, 0, 2, 0, 2, 1, 2, 2, 0, 2, 0, 3, 2, 0, 2, 2, 2, 0, 0, 0, 2, 0, 2, 1, 0, 2, 0, 0, 2, 0, 2, 0, 2, 2, 2, 0, 0, 0, 0, 0, 2, 2, 0, 2, 0, 0, 0, 0, 2, 2, 0, 2, 0, 0, 2, 0, 0, 0, 0, 2, 0, 0, 0, 0, 0, 0, 0, 2, 0, 0, 0, 0, 0, 0, 2, 1, 2, 0, 0, 0, 0, 1, 3, 2, 0, 0, 0, 2, 2, 0, 2, 0, 0, 3, 2, 0, 2, 0, 2, 2, 0, 0, 0, 0, 2, 0, 2, 2, 0, 0, 2, 0, 0, 0, 2, 0, 0, 0, 3, 3, 0, 0, 2, 2, 1, 2, 0, 0, 2, 1, 1, 0, 2, 2, 1, 3, 2, 2, 2, 2, 0, 0, 2, 2, 2, 0, 0, 0, 2, 0, 2, 2, 2, 1, 0, 2, 0, 0, 2, 0, 0, 0, 3, 2, 1, 0, 2, 2, 2, 0, 0, 2, 0, 0, 2, 0, 2, 2, 2, 2, 3, 2, 0, 0, 2, 0, 1, 0, 0, 0, 2, 2, 0]
[2, 0, 0, 2, 2, 2, 2, 2, 2, 2, 2, 3, 2, 2, 2, 2, 2, 0, 2, 0, 0, 2, 2, 0, 2, 0, 2, 2, 2, 2, 2, 0, 2, 0, 2, 0, 2, 0, 3, 0, 1, 2, 0, 2, 0, 2, 2, 0, 2, 2, 0, 2, 0, 2, 2, 0, 0, 0, 2, 2, 2, 2, 2, 2, 2, 0, 1, 0, 0, 0, 2, 0, 0, 2, 2, 2, 0, 2, 0, 1, 0, 2, 0, 2, 2, 0, 0, 3, 2, 0, 0, 0, 2, 2, 0, 1, 2, 2, 0, 2, 0, 0, 0, 2, 2, 0, 2, 0, 2, 2, 0, 0, 0, 1, 2, 2, 2, 0, 2, 2, 0, 2, 0, 0, 0, 2, 2, 0, 2, 0, 2, 2, 0, 2, 2, 0, 2, 1, 2, 2, 2, 2, 0, 0, 2, 2, 1, 2, 2, 2, 2, 2, 0, 0, 1, 2, 3, 0, 0, 2, 0, 2, 0, 2, 2, 2, 0, 2, 0, 2, 0, 0, 2, 0, 2, 2, 2, 0, 0, 0, 0, 2, 2, 0, 2, 2, 0, 0, 0, 2, 2, 0, 2, 2, 2, 2, 0, 0, 2, 0, 3, 0, 3, 2, 0, 2, 0, 2, 0, 0, 2, 2, 2, 0, 0, 2, 0, 2, 2, 2, 2, 2, 2, 0, 2, 1, 2, 2, 0, 2, 0, 3, 2, 0, 2, 2, 2, 0, 0, 0, 2, 0, 2, 2, 0, 2, 0, 0, 2, 0, 2, 0, 2, 2, 2, 2, 0, 0, 0, 0, 2, 2, 2, 2, 0, 0, 0, 0, 2, 2, 0, 2, 0, 0, 2, 0, 2, 0, 0, 2, 2, 2, 0, 0, 0, 0, 0, 2, 0, 0, 0, 0, 0, 0, 2, 2, 2, 0, 0, 0, 0, 1, 3, 2, 0, 0, 2, 2, 2, 0, 2, 0, 0, 3, 2, 0, 2, 0, 2, 2, 2, 0, 2, 0, 2, 0, 2, 2, 0, 2, 2, 0, 0, 0, 2, 0, 2, 0, 3, 3, 0, 0, 2, 2, 1, 2, 0, 0, 2, 2, 1, 2, 2, 2, 2, 3, 2, 2, 2, 2, 0, 2, 2, 2, 2, 0, 2, 0, 2, 0, 2, 2, 2, 1, 0, 2, 0, 0, 2, 0, 0, 0, 2, 2, 1, 0, 2, 2, 2, 0, 0, 2, 0, 0, 2, 0, 2, 2, 2, 2, 3, 2, 0, 0, 2, 0, 1, 0, 0, 0, 2, 2, 0]
              precision    recall  f1-score   support

  __label__0  1.00000000 0.83902439 0.91246684       205
  __label__1  1.00000000 0.68181818 0.81081081        22
  __label__2  0.79812207 1.00000000 0.88772846       170
  __label__3  1.00000000 0.81250000 0.89655172        16

    accuracy                      0.89588378       413
   macro avg  0.94953052 0.83333564 0.87688946       413
weighted avg  0.91690255 0.89588378 0.89625232       413

accuracy	 0.8958837772397095
Warning : `load_model` does not return WordVectorModel or SupervisedModel any more, but a `FastText` object which is very similar.
100%|██████████| 413/413 [00:00<00:00, 3260.66it/s]
[2, 0, 3, 2, 2, 2, 2, 2, 0, 2, 2, 0, 0, 2, 0, 0, 2, 2, 0, 2, 2, 2, 1, 0, 0, 2, 0, 2, 0, 0, 0, 2, 2, 2, 1, 0, 0, 0, 0, 0, 0, 2, 0, 2, 0, 0, 0, 0, 2, 0, 0, 2, 0, 2, 2, 0, 0, 2, 2, 0, 0, 2, 0, 2, 0, 2, 2, 0, 2, 2, 2, 2, 0, 0, 0, 2, 2, 0, 0, 2, 0, 2, 1, 2, 2, 0, 0, 2, 2, 2, 2, 2, 0, 0, 1, 0, 0, 2, 2, 0, 0, 0, 0, 0, 2, 0, 0, 2, 0, 0, 1, 0, 1, 0, 0, 0, 0, 0, 0, 0, 0, 0, 3, 0, 3, 0, 0, 0, 2, 2, 2, 2, 0, 1, 0, 1, 0, 0, 2, 0, 1, 2, 1, 2, 2, 2, 2, 3, 2, 2, 0, 2, 0, 0, 2, 2, 3, 0, 2, 0, 0, 2, 0, 0, 2, 2, 0, 0, 2, 2, 0, 2, 0, 0, 2, 0, 0, 0, 0, 0, 2, 0, 2, 2, 0, 2, 2, 2, 1, 0, 0, 2, 1, 3, 2, 2, 1, 2, 2, 2, 0, 0, 2, 0, 0, 2, 0, 0, 1, 2, 2, 2, 0, 2, 0, 0, 0, 0, 0, 0, 0, 1, 0, 0, 0, 0, 0, 2, 2, 0, 0, 0, 0, 0, 2, 2, 2, 0, 0, 0, 2, 0, 0, 2, 2, 1, 2, 2, 0, 3, 2, 2, 2, 0, 0, 0, 0, 0, 2, 2, 2, 2, 0, 2, 3, 2, 2, 2, 2, 2, 2, 0, 0, 0, 1, 0, 2, 0, 2, 2, 0, 1, 2, 0, 2, 0, 0, 0, 2, 0, 0, 1, 0, 0, 1, 0, 2, 0, 0, 2, 3, 2, 0, 0, 2, 0, 0, 0, 0, 2, 2, 2, 2, 0, 2, 2, 2, 0, 0, 0, 3, 2, 2, 0, 2, 2, 0, 2, 0, 0, 2, 3, 0, 0, 0, 0, 0, 0, 0, 2, 2, 2, 0, 0, 0, 2, 0, 0, 2, 2, 2, 0, 0, 0, 2, 1, 0, 0, 2, 0, 0, 0, 2, 2, 2, 0, 0, 0, 2, 0, 0, 3, 0, 0, 2, 0, 0, 0, 0, 3, 2, 2, 0, 0, 2, 3, 0, 2, 2, 2, 2, 0, 0, 2, 2, 2, 0, 2, 2, 2, 0, 0, 1, 2, 3, 0, 2, 0, 0, 3, 2, 2, 2]
[2, 0, 3, 2, 2, 2, 2, 2, 2, 2, 2, 0, 0, 2, 0, 0, 2, 2, 0, 2, 2, 2, 1, 0, 0, 2, 0, 2, 0, 0, 2, 2, 2, 2, 1, 0, 0, 0, 2, 0, 0, 2, 0, 2, 0, 0, 0, 0, 2, 0, 2, 2, 0, 2, 2, 0, 0, 2, 2, 2, 0, 2, 0, 2, 0, 2, 2, 0, 2, 2, 2, 2, 0, 0, 0, 2, 2, 0, 0, 2, 0, 2, 1, 2, 2, 0, 0, 2, 2, 2, 2, 2, 2, 2, 1, 0, 0, 2, 2, 0, 0, 0, 0, 0, 2, 0, 2, 2, 0, 0, 1, 0, 1, 0, 0, 0, 0, 0, 2, 0, 0, 0, 3, 0, 3, 2, 0, 0, 2, 2, 2, 2, 0, 1, 0, 1, 0, 0, 2, 2, 1, 2, 1, 2, 2, 2, 2, 3, 2, 2, 0, 2, 0, 0, 2, 2, 3, 0, 2, 0, 0, 2, 2, 0, 2, 2, 0, 2, 2, 2, 0, 2, 0, 0, 2, 2, 0, 2, 0, 0, 2, 0, 2, 2, 0, 2, 2, 2, 1, 0, 0, 2, 1, 2, 2, 2, 1, 2, 2, 2, 0, 0, 2, 2, 0, 2, 0, 0, 2, 2, 2, 2, 2, 2, 0, 2, 2, 0, 0, 0, 2, 1, 0, 0, 0, 0, 0, 2, 2, 0, 0, 0, 0, 0, 2, 2, 2, 0, 0, 0, 2, 0, 0, 2, 2, 1, 2, 2, 0, 2, 2, 2, 2, 0, 0, 2, 0, 0, 2, 2, 2, 2, 0, 2, 3, 2, 2, 2, 2, 2, 2, 2, 2, 0, 1, 0, 2, 0, 2, 2, 0, 1, 2, 2, 2, 0, 0, 0, 2, 0, 0, 1, 2, 0, 1, 0, 2, 0, 2, 2, 3, 2, 2, 0, 2, 0, 0, 2, 0, 2, 2, 2, 2, 0, 2, 2, 2, 0, 0, 0, 3, 2, 2, 0, 2, 2, 0, 2, 2, 0, 2, 3, 0, 0, 2, 0, 0, 0, 0, 2, 2, 2, 0, 0, 0, 2, 2, 0, 2, 2, 2, 0, 2, 0, 2, 2, 0, 0, 2, 0, 0, 0, 2, 2, 2, 0, 0, 2, 2, 0, 0, 3, 0, 2, 2, 0, 0, 0, 2, 3, 2, 2, 0, 0, 2, 2, 0, 2, 2, 2, 2, 2, 0, 2, 2, 2, 0, 2, 2, 2, 0, 0, 1, 2, 3, 0, 2, 0, 0, 3, 2, 2, 2]
              precision    recall  f1-score   support

  __label__0  1.00000000 0.82439024 0.90374332       205
  __label__1  1.00000000 0.90909091 0.95238095        22
  __label__2  0.80568720 1.00000000 0.89238845       170
  __label__3  1.00000000 0.81250000 0.89655172        16

    accuracy                      0.90072639       413
   macro avg  0.95142180 0.88649529 0.91126611       413
weighted avg  0.92001652 0.90072639 0.90138166       413

accuracy	 0.9007263922518159
Warning : `load_model` does not return WordVectorModel or SupervisedModel any more, but a `FastText` object which is very similar.
100%|██████████| 413/413 [00:00<00:00, 3600.90it/s]
[2, 0, 2, 0, 0, 0, 0, 0, 0, 0, 0, 0, 2, 2, 2, 2, 0, 0, 2, 2, 1, 2, 2, 2, 0, 2, 0, 0, 0, 0, 2, 2, 0, 2, 2, 0, 2, 0, 3, 0, 2, 2, 2, 2, 0, 2, 0, 2, 1, 2, 0, 2, 2, 0, 2, 3, 2, 2, 0, 0, 0, 0, 0, 2, 2, 2, 2, 0, 2, 0, 1, 2, 0, 2, 0, 2, 2, 0, 3, 2, 1, 1, 0, 0, 0, 0, 0, 1, 0, 0, 0, 2, 0, 0, 0, 2, 2, 2, 0, 2, 0, 2, 0, 0, 0, 0, 2, 2, 0, 0, 0, 2, 0, 2, 2, 0, 1, 0, 0, 0, 0, 0, 2, 3, 0, 0, 0, 0, 0, 0, 2, 3, 0, 2, 0, 2, 2, 0, 0, 2, 2, 0, 2, 0, 2, 0, 2, 2, 0, 2, 0, 3, 0, 0, 0, 1, 2, 1, 0, 2, 0, 2, 2, 3, 2, 2, 0, 2, 1, 2, 0, 2, 2, 2, 2, 0, 0, 0, 1, 2, 2, 2, 0, 0, 0, 2, 0, 0, 2, 0, 2, 2, 0, 0, 2, 3, 0, 0, 2, 0, 2, 0, 2, 2, 1, 0, 0, 0, 2, 2, 0, 2, 2, 2, 0, 2, 2, 1, 2, 2, 2, 0, 0, 2, 0, 0, 0, 2, 2, 2, 0, 0, 0, 2, 0, 0, 2, 2, 0, 2, 2, 0, 2, 0, 2, 0, 0, 0, 2, 1, 0, 2, 0, 0, 2, 2, 0, 2, 0, 0, 2, 0, 0, 2, 0, 0, 2, 2, 0, 0, 0, 2, 0, 2, 0, 0, 0, 2, 2, 2, 0, 1, 0, 0, 0, 2, 2, 2, 0, 0, 2, 0, 0, 2, 0, 0, 0, 0, 0, 2, 0, 0, 2, 2, 2, 3, 2, 1, 0, 0, 0, 0, 2, 0, 0, 0, 0, 0, 0, 0, 2, 2, 0, 2, 2, 0, 1, 0, 2, 0, 2, 2, 2, 0, 3, 3, 2, 0, 0, 2, 2, 0, 0, 0, 0, 0, 0, 2, 0, 0, 0, 0, 1, 2, 1, 1, 0, 0, 0, 2, 3, 2, 0, 0, 0, 0, 2, 2, 2, 2, 2, 2, 0, 0, 1, 3, 2, 2, 2, 0, 0, 0, 3, 2, 0, 2, 1, 2, 0, 2, 0, 2, 2, 0, 3, 2, 0, 2, 2, 2, 0, 2, 2, 0, 0, 0, 0, 0, 3, 2, 0, 0, 2]
[2, 0, 2, 0, 2, 2, 0, 0, 0, 0, 0, 0, 2, 2, 2, 2, 0, 0, 2, 2, 1, 2, 2, 2, 0, 2, 0, 0, 0, 2, 2, 2, 0, 2, 2, 2, 2, 0, 3, 0, 2, 2, 2, 2, 0, 2, 0, 2, 2, 2, 2, 2, 2, 0, 2, 3, 2, 2, 0, 0, 2, 0, 0, 2, 2, 2, 2, 2, 2, 2, 1, 2, 2, 2, 0, 2, 2, 0, 3, 2, 1, 2, 0, 0, 0, 0, 0, 1, 0, 0, 0, 2, 0, 2, 0, 2, 2, 2, 0, 2, 2, 2, 0, 0, 0, 2, 2, 2, 0, 0, 2, 2, 2, 2, 2, 0, 1, 0, 2, 0, 0, 0, 2, 3, 0, 0, 0, 0, 0, 0, 2, 2, 0, 2, 2, 2, 2, 0, 0, 2, 2, 0, 2, 0, 2, 0, 2, 2, 0, 2, 0, 3, 0, 2, 0, 1, 2, 1, 0, 2, 2, 2, 2, 3, 2, 2, 0, 2, 1, 2, 2, 2, 2, 2, 2, 2, 0, 2, 1, 2, 2, 2, 0, 0, 0, 2, 2, 0, 2, 2, 2, 2, 0, 0, 2, 3, 0, 0, 2, 0, 2, 0, 2, 2, 1, 0, 0, 0, 2, 2, 0, 2, 2, 2, 0, 2, 2, 1, 2, 2, 2, 0, 0, 2, 0, 0, 0, 2, 2, 2, 0, 0, 0, 2, 0, 0, 2, 2, 0, 2, 2, 0, 2, 0, 2, 2, 0, 0, 2, 1, 0, 2, 0, 0, 2, 2, 0, 2, 0, 0, 2, 0, 0, 2, 0, 0, 2, 2, 0, 0, 0, 2, 0, 2, 2, 2, 0, 2, 2, 2, 0, 2, 0, 0, 0, 2, 2, 2, 2, 0, 2, 2, 2, 2, 2, 2, 0, 0, 0, 2, 0, 2, 2, 2, 2, 2, 2, 1, 0, 0, 0, 0, 2, 0, 0, 0, 0, 0, 0, 0, 2, 2, 2, 2, 2, 0, 1, 0, 2, 0, 2, 2, 2, 0, 2, 2, 2, 0, 0, 2, 2, 0, 0, 0, 0, 2, 0, 2, 0, 0, 0, 2, 1, 2, 1, 1, 0, 2, 2, 2, 3, 2, 0, 0, 0, 0, 2, 2, 2, 2, 2, 2, 0, 0, 1, 3, 2, 2, 2, 0, 0, 0, 3, 2, 0, 2, 1, 2, 0, 2, 0, 2, 2, 0, 3, 2, 2, 2, 2, 2, 0, 2, 2, 0, 2, 0, 0, 0, 3, 2, 0, 0, 2]
Warning : `load_model` does not return WordVectorModel or SupervisedModel any more, but a `FastText` object which is very similar.
              precision    recall  f1-score   support

  __label__0  1.00000000 0.80975610 0.89487871       205
  __label__1  1.00000000 0.86363636 0.92682927        22
  __label__2  0.78703704 1.00000000 0.88082902       170
  __label__3  1.00000000 0.75000000 0.85714286        16

    accuracy                      0.88861985       413
   macro avg  0.94675926 0.85584812 0.88991996       413
weighted avg  0.91233970 0.88861985 0.88933559       413

accuracy	 0.8886198547215496
100%|██████████| 413/413 [00:00<00:00, 2855.95it/s]
[2, 0, 2, 0, 2, 2, 0, 2, 2, 0, 3, 0, 1, 2, 0, 2, 2, 2, 0, 0, 2, 0, 0, 0, 0, 1, 2, 0, 1, 1, 0, 2, 0, 0, 0, 1, 0, 2, 2, 2, 2, 2, 0, 2, 0, 0, 2, 0, 0, 2, 0, 2, 2, 0, 0, 2, 0, 2, 2, 0, 2, 0, 2, 0, 2, 2, 0, 0, 0, 0, 3, 0, 0, 0, 2, 2, 0, 2, 0, 2, 0, 2, 0, 2, 0, 0, 0, 0, 2, 2, 0, 2, 2, 0, 2, 1, 2, 2, 2, 0, 1, 0, 2, 0, 0, 0, 2, 1, 0, 2, 0, 2, 2, 2, 0, 2, 2, 0, 2, 2, 2, 2, 2, 2, 2, 1, 0, 0, 0, 0, 0, 2, 0, 2, 2, 1, 2, 0, 2, 0, 2, 0, 0, 0, 2, 2, 0, 2, 2, 3, 2, 3, 0, 0, 2, 3, 0, 2, 0, 3, 2, 2, 1, 2, 0, 0, 1, 2, 2, 0, 2, 0, 2, 0, 0, 2, 0, 0, 2, 0, 0, 2, 2, 0, 0, 0, 0, 0, 0, 0, 2, 0, 2, 0, 3, 0, 2, 0, 0, 2, 0, 2, 2, 0, 2, 2, 0, 0, 0, 0, 0, 0, 2, 0, 3, 0, 0, 2, 2, 0, 0, 2, 2, 2, 2, 2, 0, 2, 0, 0, 0, 0, 2, 2, 0, 2, 2, 2, 2, 0, 0, 0, 2, 0, 2, 0, 2, 2, 2, 0, 0, 0, 0, 0, 0, 0, 0, 0, 2, 0, 3, 0, 0, 0, 1, 0, 0, 2, 2, 2, 0, 2, 2, 0, 0, 2, 0, 0, 0, 0, 0, 0, 1, 0, 2, 0, 2, 1, 0, 2, 2, 2, 2, 2, 0, 0, 2, 2, 2, 2, 2, 0, 2, 1, 0, 0, 2, 0, 0, 0, 0, 2, 3, 0, 3, 1, 2, 0, 2, 0, 0, 0, 0, 0, 3, 1, 0, 2, 2, 2, 0, 0, 2, 0, 2, 0, 0, 0, 2, 2, 2, 2, 2, 2, 2, 0, 0, 0, 0, 2, 0, 0, 1, 0, 0, 0, 2, 0, 2, 2, 2, 0, 3, 3, 2, 0, 0, 2, 2, 0, 0, 2, 0, 0, 2, 0, 0, 2, 0, 0, 0, 0, 2, 3, 2, 0, 3, 2, 1, 2, 0, 0, 0, 2, 0, 2, 2, 2, 0, 2, 1, 2, 0, 0, 0, 0, 2, 0, 0, 2, 0, 0, 1]
[2, 0, 2, 0, 2, 2, 0, 2, 2, 0, 3, 0, 1, 2, 0, 2, 2, 2, 0, 0, 2, 0, 0, 0, 0, 1, 2, 0, 1, 2, 0, 2, 0, 0, 0, 1, 0, 2, 2, 2, 2, 2, 0, 2, 0, 0, 2, 0, 2, 2, 0, 2, 2, 0, 0, 2, 0, 2, 2, 0, 2, 0, 2, 0, 2, 2, 0, 0, 0, 2, 3, 0, 2, 0, 2, 2, 0, 2, 0, 2, 0, 2, 0, 2, 0, 0, 0, 0, 2, 2, 0, 2, 2, 0, 2, 1, 2, 2, 2, 2, 1, 0, 2, 0, 0, 0, 2, 1, 0, 2, 0, 2, 2, 2, 0, 2, 2, 2, 2, 2, 2, 2, 2, 2, 2, 1, 0, 0, 2, 0, 0, 2, 2, 2, 2, 1, 2, 0, 2, 0, 2, 0, 0, 0, 2, 2, 2, 2, 2, 3, 2, 2, 0, 0, 2, 3, 0, 2, 0, 3, 2, 2, 2, 2, 0, 2, 2, 2, 2, 0, 2, 0, 2, 0, 0, 2, 2, 0, 2, 0, 0, 2, 2, 0, 0, 0, 2, 0, 0, 0, 2, 2, 2, 2, 3, 0, 2, 0, 0, 2, 0, 2, 2, 0, 2, 2, 0, 0, 0, 2, 0, 2, 2, 0, 3, 2, 0, 2, 2, 0, 0, 2, 2, 2, 2, 2, 2, 2, 0, 0, 0, 0, 2, 2, 0, 2, 2, 2, 2, 0, 0, 2, 2, 0, 2, 2, 2, 2, 2, 0, 0, 0, 0, 0, 2, 0, 0, 0, 2, 0, 3, 0, 0, 0, 2, 0, 0, 2, 2, 2, 0, 2, 2, 0, 0, 2, 0, 2, 2, 0, 0, 0, 1, 2, 2, 0, 2, 1, 2, 2, 2, 2, 2, 2, 0, 0, 2, 2, 2, 2, 2, 2, 2, 2, 0, 0, 2, 0, 0, 0, 0, 2, 3, 0, 3, 1, 2, 2, 2, 0, 0, 0, 0, 0, 3, 1, 2, 2, 2, 2, 0, 2, 2, 0, 2, 0, 0, 0, 2, 2, 2, 2, 2, 2, 2, 2, 0, 2, 0, 2, 0, 0, 2, 0, 0, 0, 2, 0, 2, 2, 2, 0, 2, 3, 2, 0, 0, 2, 2, 2, 0, 2, 0, 0, 2, 2, 0, 2, 2, 0, 0, 0, 2, 3, 2, 0, 3, 2, 2, 2, 2, 0, 0, 2, 0, 2, 2, 2, 2, 2, 1, 2, 0, 2, 0, 0, 2, 0, 0, 2, 2, 0, 1]
Warning : `load_model` does not return WordVectorModel or SupervisedModel any more, but a `FastText` object which is very similar.
              precision    recall  f1-score   support

  __label__0  1.00000000 0.81951220 0.90080429       205
  __label__1  1.00000000 0.68181818 0.81081081        22
  __label__2  0.78703704 1.00000000 0.88082902       170
  __label__3  1.00000000 0.87500000 0.93333333        16

    accuracy                      0.88861985       413
   macro avg  0.94675926 0.84408259 0.88144436       413
weighted avg  0.91233970 0.88861985 0.88904839       413

accuracy	 0.8886198547215496
100%|██████████| 413/413 [00:00<00:00, 3422.26it/s]
[0, 2, 2, 2, 2, 2, 0, 2, 2, 0, 0, 2, 0, 2, 2, 0, 0, 1, 2, 0, 3, 2, 0, 0, 2, 0, 0, 2, 0, 1, 2, 0, 3, 0, 0, 2, 0, 2, 0, 0, 0, 1, 2, 0, 0, 0, 0, 0, 0, 2, 0, 2, 0, 3, 0, 2, 3, 2, 0, 0, 2, 0, 2, 0, 0, 2, 2, 2, 2, 1, 0, 0, 2, 2, 0, 0, 2, 2, 0, 2, 1, 2, 2, 0, 2, 2, 0, 2, 2, 2, 0, 0, 0, 2, 2, 2, 0, 0, 2, 0, 0, 2, 2, 2, 2, 0, 2, 2, 0, 0, 0, 2, 2, 0, 0, 0, 2, 0, 0, 0, 3, 3, 2, 0, 2, 0, 0, 0, 2, 0, 2, 1, 0, 0, 0, 2, 0, 0, 2, 0, 2, 0, 2, 0, 2, 2, 0, 0, 0, 2, 0, 0, 1, 0, 2, 2, 3, 2, 1, 2, 0, 0, 2, 2, 2, 2, 2, 2, 0, 0, 1, 2, 0, 2, 1, 2, 3, 2, 2, 2, 2, 2, 0, 0, 0, 2, 0, 2, 2, 0, 0, 2, 0, 0, 2, 0, 2, 0, 0, 2, 0, 0, 2, 2, 2, 2, 2, 0, 0, 2, 2, 0, 0, 0, 1, 2, 2, 0, 2, 0, 0, 1, 2, 0, 1, 3, 2, 2, 0, 2, 1, 0, 0, 0, 2, 2, 0, 2, 0, 2, 2, 0, 0, 0, 2, 0, 0, 0, 0, 2, 0, 0, 2, 0, 2, 0, 0, 0, 0, 0, 0, 2, 0, 2, 2, 2, 0, 2, 0, 0, 3, 0, 0, 2, 2, 0, 0, 3, 2, 2, 2, 0, 0, 0, 0, 0, 2, 0, 1, 2, 3, 2, 2, 0, 0, 2, 0, 0, 0, 0, 2, 0, 1, 2, 0, 2, 2, 0, 1, 0, 1, 0, 2, 0, 2, 0, 1, 0, 0, 0, 2, 0, 0, 0, 1, 0, 0, 0, 2, 0, 0, 0, 0, 0, 0, 2, 0, 2, 2, 0, 0, 0, 0, 0, 0, 3, 3, 0, 0, 2, 0, 2, 2, 2, 2, 0, 0, 2, 2, 0, 2, 2, 0, 2, 0, 2, 0, 2, 2, 0, 2, 0, 0, 1, 2, 2, 2, 2, 2, 0, 0, 0, 0, 2, 2, 0, 0, 2, 0, 0, 3, 0, 2, 2, 0, 2, 0, 0, 2, 2, 0, 2, 0, 0, 2, 2, 2, 0, 2, 0, 0, 3, 1]
[0, 2, 2, 2, 2, 2, 2, 2, 2, 0, 0, 2, 2, 2, 2, 0, 2, 1, 2, 0, 3, 2, 0, 2, 2, 0, 0, 2, 0, 1, 2, 0, 3, 0, 2, 2, 0, 2, 0, 0, 0, 1, 2, 0, 0, 0, 2, 0, 0, 2, 2, 2, 0, 3, 0, 2, 3, 2, 0, 0, 2, 0, 2, 0, 0, 2, 2, 2, 2, 1, 0, 0, 2, 2, 0, 2, 2, 2, 0, 2, 1, 2, 2, 0, 2, 2, 0, 2, 2, 2, 0, 2, 0, 2, 2, 2, 0, 0, 2, 2, 0, 2, 2, 2, 2, 0, 2, 2, 0, 0, 0, 2, 2, 2, 2, 0, 2, 0, 0, 0, 3, 3, 2, 0, 2, 0, 2, 0, 2, 0, 2, 1, 0, 2, 0, 2, 0, 0, 2, 0, 2, 0, 2, 0, 2, 2, 2, 0, 2, 2, 0, 2, 2, 0, 2, 2, 3, 2, 1, 2, 2, 2, 2, 2, 2, 2, 2, 2, 0, 0, 1, 2, 0, 2, 1, 2, 3, 2, 2, 2, 2, 2, 2, 0, 0, 2, 2, 2, 2, 2, 0, 2, 0, 0, 2, 2, 2, 0, 0, 2, 0, 0, 2, 2, 2, 2, 2, 0, 0, 2, 2, 0, 0, 0, 1, 2, 2, 0, 2, 0, 2, 1, 2, 0, 2, 3, 2, 2, 0, 2, 1, 2, 0, 0, 2, 2, 0, 2, 0, 2, 2, 2, 2, 0, 2, 2, 0, 0, 2, 2, 0, 0, 2, 0, 2, 0, 0, 0, 0, 0, 0, 2, 0, 2, 2, 2, 0, 2, 0, 2, 3, 0, 0, 2, 2, 2, 2, 3, 2, 2, 2, 0, 0, 0, 2, 0, 2, 0, 1, 2, 3, 2, 2, 0, 0, 2, 0, 0, 0, 0, 2, 0, 1, 2, 0, 2, 2, 0, 1, 0, 1, 0, 2, 0, 2, 0, 1, 0, 0, 2, 2, 0, 0, 0, 1, 0, 2, 0, 2, 0, 0, 0, 0, 0, 0, 2, 0, 2, 2, 0, 2, 0, 0, 2, 0, 3, 3, 2, 0, 2, 0, 2, 2, 2, 2, 2, 0, 2, 2, 2, 2, 2, 0, 2, 2, 2, 2, 2, 2, 0, 2, 0, 0, 1, 2, 2, 2, 2, 2, 2, 0, 2, 2, 2, 2, 0, 0, 2, 0, 2, 2, 0, 2, 2, 0, 2, 0, 2, 2, 2, 0, 2, 0, 0, 2, 2, 2, 2, 2, 0, 2, 3, 2]
              precision    recall  f1-score   support

  __label__0  1.00000000 0.76097561 0.86426593       205
  __label__1  1.00000000 0.86363636 0.92682927        22
  __label__2  0.76233184 1.00000000 0.86513995       170
  __label__3  1.00000000 0.93750000 0.96774194        16

    accuracy                      0.87167070       413
   macro avg  0.94058296 0.89052799 0.90599427       413
weighted avg  0.90217049 0.87167070 0.87196712       413

accuracy	 0.8716707021791767
Warning : `load_model` does not return WordVectorModel or SupervisedModel any more, but a `FastText` object which is very similar.
100%|██████████| 413/413 [00:00<00:00, 3185.39it/s]
[1, 2, 0, 2, 2, 0, 1, 0, 2, 2, 3, 0, 2, 2, 0, 2, 0, 2, 2, 2, 0, 0, 0, 3, 2, 2, 2, 0, 0, 2, 2, 2, 0, 0, 2, 2, 0, 2, 3, 2, 2, 2, 0, 0, 0, 0, 0, 2, 2, 1, 2, 0, 2, 0, 0, 0, 2, 2, 0, 0, 1, 2, 2, 2, 0, 2, 0, 0, 1, 2, 0, 0, 0, 2, 0, 2, 0, 2, 1, 2, 0, 2, 0, 0, 0, 2, 0, 0, 0, 0, 1, 2, 0, 2, 0, 0, 0, 0, 2, 3, 0, 0, 3, 0, 2, 2, 0, 2, 2, 2, 0, 2, 0, 2, 2, 2, 0, 2, 0, 0, 2, 2, 0, 0, 0, 2, 0, 2, 0, 0, 0, 2, 0, 0, 0, 0, 0, 2, 2, 0, 0, 0, 2, 2, 2, 2, 0, 3, 0, 0, 2, 0, 2, 2, 0, 2, 1, 2, 0, 0, 0, 0, 2, 1, 0, 2, 0, 0, 0, 0, 2, 2, 2, 0, 3, 2, 0, 2, 2, 0, 2, 2, 2, 0, 0, 0, 2, 0, 2, 0, 0, 2, 2, 2, 0, 0, 2, 0, 0, 0, 2, 0, 0, 0, 0, 0, 0, 2, 0, 2, 2, 0, 2, 0, 0, 0, 0, 0, 3, 2, 0, 0, 2, 0, 2, 0, 0, 2, 2, 1, 0, 2, 1, 0, 0, 2, 0, 2, 0, 0, 0, 0, 3, 0, 2, 1, 2, 0, 2, 0, 0, 3, 0, 0, 2, 0, 1, 0, 0, 2, 2, 0, 2, 0, 2, 0, 0, 1, 2, 0, 0, 3, 0, 2, 0, 0, 2, 0, 2, 2, 1, 2, 0, 0, 2, 2, 0, 1, 2, 0, 2, 0, 2, 0, 0, 2, 0, 2, 0, 0, 0, 3, 2, 1, 0, 0, 0, 2, 0, 2, 0, 1, 0, 0, 2, 2, 2, 0, 2, 0, 2, 2, 2, 2, 2, 2, 2, 2, 2, 2, 0, 0, 2, 0, 1, 0, 2, 0, 3, 2, 0, 0, 1, 2, 0, 2, 0, 0, 0, 2, 2, 0, 2, 3, 2, 0, 0, 0, 0, 2, 0, 0, 0, 2, 1, 0, 2, 3, 2, 0, 2, 0, 3, 1, 0, 0, 2, 2, 2, 0, 0, 0, 0, 0, 2, 0, 0, 0, 2, 2, 2, 2, 2, 0, 0, 2, 0, 2, 2, 2, 0, 0, 0, 0, 0, 0, 2, 2, 2, 2, 2, 2, 0]
[2, 2, 2, 2, 2, 0, 1, 0, 2, 2, 3, 2, 2, 2, 0, 2, 2, 2, 2, 2, 0, 0, 0, 2, 2, 2, 2, 0, 2, 2, 2, 2, 2, 0, 2, 2, 0, 2, 3, 2, 2, 2, 0, 2, 0, 2, 0, 2, 2, 1, 2, 2, 2, 0, 2, 0, 2, 2, 0, 0, 1, 2, 2, 2, 0, 2, 0, 0, 1, 2, 0, 2, 0, 2, 0, 2, 0, 2, 1, 2, 0, 2, 0, 0, 0, 2, 0, 0, 0, 0, 1, 2, 0, 2, 0, 0, 0, 0, 2, 3, 0, 0, 3, 2, 2, 2, 0, 2, 2, 2, 2, 2, 0, 2, 2, 2, 0, 2, 0, 0, 2, 2, 0, 0, 0, 2, 0, 2, 0, 2, 0, 2, 0, 0, 0, 0, 0, 2, 2, 2, 0, 0, 2, 2, 2, 2, 0, 3, 0, 0, 2, 0, 2, 2, 2, 2, 2, 2, 0, 0, 0, 0, 2, 1, 0, 2, 0, 0, 0, 2, 2, 2, 2, 0, 3, 2, 0, 2, 2, 0, 2, 2, 2, 0, 0, 0, 2, 0, 2, 0, 2, 2, 2, 2, 2, 0, 2, 0, 0, 0, 2, 0, 0, 0, 0, 0, 0, 2, 0, 2, 2, 0, 2, 2, 0, 0, 0, 2, 3, 2, 0, 2, 2, 2, 2, 2, 0, 2, 2, 1, 0, 2, 2, 0, 0, 2, 2, 2, 0, 0, 0, 0, 3, 0, 2, 1, 2, 0, 2, 0, 0, 3, 0, 0, 2, 0, 1, 0, 0, 2, 2, 0, 2, 2, 2, 0, 2, 1, 2, 0, 0, 2, 0, 2, 2, 0, 2, 0, 2, 2, 1, 2, 0, 0, 2, 2, 2, 2, 2, 0, 2, 0, 2, 0, 0, 2, 0, 2, 2, 0, 0, 3, 2, 2, 2, 2, 0, 2, 0, 2, 0, 1, 0, 0, 2, 2, 2, 0, 2, 0, 2, 2, 2, 2, 2, 2, 2, 2, 2, 2, 0, 0, 2, 0, 1, 0, 2, 0, 2, 2, 0, 0, 1, 2, 0, 2, 2, 0, 0, 2, 2, 0, 2, 3, 2, 0, 0, 0, 2, 2, 0, 0, 0, 2, 1, 0, 2, 3, 2, 0, 2, 0, 3, 1, 0, 2, 2, 2, 2, 0, 2, 2, 0, 2, 2, 0, 0, 0, 2, 2, 2, 2, 2, 0, 0, 2, 2, 2, 2, 2, 0, 0, 0, 0, 0, 0, 2, 2, 2, 2, 2, 2, 0]
              precision    recall  f1-score   support

  __label__0  1.00000000 0.81463415 0.89784946       205
  __label__1  1.00000000 0.77272727 0.87179487        22
  __label__2  0.78703704 1.00000000 0.88082902       170
  __label__3  1.00000000 0.81250000 0.89655172        16

    accuracy                      0.88861985       413
   macro avg  0.94675926 0.84996535 0.88675627       413
weighted avg  0.91233970 0.88861985 0.88940530       413

accuracy	 0.8886198547215496
Warning : `load_model` does not return WordVectorModel or SupervisedModel any more, but a `FastText` object which is very similar.
100%|██████████| 413/413 [00:00<00:00, 4182.87it/s]
[0, 0, 3, 2, 2, 0, 2, 0, 2, 0, 2, 2, 2, 1, 0, 0, 1, 0, 2, 0, 0, 2, 0, 0, 2, 3, 2, 0, 0, 0, 2, 0, 0, 2, 0, 2, 0, 0, 1, 0, 0, 0, 2, 2, 2, 2, 2, 2, 0, 0, 0, 0, 0, 0, 3, 2, 1, 0, 0, 0, 0, 0, 2, 2, 3, 2, 0, 0, 2, 3, 0, 0, 2, 3, 0, 0, 0, 0, 0, 0, 2, 2, 2, 2, 2, 2, 2, 0, 0, 0, 2, 0, 0, 2, 0, 0, 0, 2, 0, 2, 2, 2, 0, 2, 2, 2, 0, 0, 2, 0, 0, 0, 0, 0, 0, 0, 2, 2, 2, 2, 2, 2, 0, 0, 1, 2, 2, 2, 0, 0, 0, 1, 0, 0, 2, 0, 2, 0, 0, 2, 2, 0, 2, 3, 1, 2, 0, 2, 0, 0, 2, 2, 1, 0, 0, 0, 2, 2, 2, 0, 2, 3, 2, 2, 2, 0, 1, 2, 2, 2, 0, 0, 2, 2, 0, 2, 2, 0, 0, 0, 2, 2, 0, 2, 0, 3, 1, 0, 0, 2, 0, 0, 2, 0, 0, 2, 2, 0, 2, 0, 2, 0, 2, 2, 0, 0, 0, 2, 0, 2, 2, 2, 0, 0, 0, 2, 2, 3, 0, 0, 0, 0, 1, 0, 0, 1, 0, 0, 2, 2, 2, 2, 0, 2, 0, 2, 0, 0, 0, 0, 0, 0, 2, 0, 2, 0, 0, 2, 3, 2, 2, 0, 1, 0, 2, 2, 2, 0, 0, 2, 0, 1, 1, 0, 0, 0, 0, 0, 0, 0, 2, 0, 0, 0, 0, 2, 0, 0, 0, 0, 2, 2, 1, 2, 2, 0, 2, 2, 0, 0, 2, 0, 0, 0, 0, 2, 0, 0, 0, 2, 0, 0, 2, 2, 2, 0, 3, 1, 0, 2, 2, 2, 0, 2, 3, 2, 2, 2, 2, 0, 0, 2, 0, 0, 2, 2, 2, 2, 0, 1, 0, 2, 2, 3, 0, 1, 0, 2, 2, 3, 2, 0, 2, 0, 0, 2, 0, 2, 2, 0, 2, 0, 0, 0, 0, 2, 2, 2, 0, 0, 0, 0, 0, 0, 2, 2, 0, 0, 2, 0, 2, 0, 2, 0, 0, 1, 2, 2, 2, 0, 0, 0, 0, 0, 2, 2, 2, 2, 2, 2, 0, 1, 0, 2, 0, 2, 0, 2, 2, 0, 3, 2, 2, 2, 0, 0, 0, 0, 0, 1, 2, 2, 0]
[0, 0, 3, 2, 2, 0, 2, 2, 2, 0, 2, 2, 2, 1, 0, 0, 1, 0, 2, 0, 2, 2, 0, 0, 2, 2, 2, 0, 0, 0, 2, 0, 2, 2, 0, 2, 0, 0, 2, 0, 2, 0, 2, 2, 2, 2, 2, 2, 0, 2, 0, 0, 2, 0, 3, 2, 1, 0, 0, 0, 0, 2, 2, 2, 3, 2, 0, 0, 2, 3, 0, 0, 2, 3, 0, 0, 0, 0, 0, 0, 2, 2, 2, 2, 2, 2, 2, 0, 0, 2, 2, 0, 0, 2, 0, 0, 0, 2, 0, 2, 2, 2, 2, 2, 2, 2, 0, 0, 2, 0, 0, 0, 0, 0, 0, 0, 2, 2, 2, 2, 2, 2, 0, 0, 1, 2, 2, 2, 0, 0, 0, 1, 0, 0, 2, 0, 2, 0, 0, 2, 2, 0, 2, 3, 1, 2, 0, 2, 0, 0, 2, 2, 1, 2, 0, 0, 2, 2, 2, 0, 2, 3, 2, 2, 2, 0, 2, 2, 2, 2, 2, 2, 2, 2, 0, 2, 2, 0, 2, 2, 2, 2, 2, 2, 0, 3, 1, 0, 0, 2, 0, 0, 2, 0, 0, 2, 2, 0, 2, 0, 2, 2, 2, 2, 0, 0, 0, 2, 2, 2, 2, 2, 0, 0, 2, 2, 2, 3, 0, 2, 0, 0, 1, 2, 2, 2, 0, 0, 2, 2, 2, 2, 0, 2, 0, 2, 0, 0, 0, 0, 0, 2, 2, 0, 2, 0, 0, 2, 3, 2, 2, 0, 1, 0, 2, 2, 2, 0, 0, 2, 0, 1, 1, 0, 0, 0, 0, 0, 2, 2, 2, 0, 0, 0, 0, 2, 0, 0, 2, 0, 2, 2, 1, 2, 2, 0, 2, 2, 0, 0, 2, 0, 2, 0, 0, 2, 2, 0, 2, 2, 0, 0, 2, 2, 2, 0, 2, 1, 2, 2, 2, 2, 0, 2, 2, 2, 2, 2, 2, 0, 0, 2, 0, 2, 2, 2, 2, 2, 2, 1, 0, 2, 2, 3, 0, 2, 0, 2, 2, 3, 2, 0, 2, 0, 2, 2, 2, 2, 2, 0, 2, 0, 0, 0, 0, 2, 2, 2, 0, 0, 0, 0, 0, 0, 2, 2, 0, 2, 2, 0, 2, 0, 2, 0, 0, 1, 2, 2, 2, 0, 0, 0, 0, 2, 2, 2, 2, 2, 2, 2, 0, 1, 2, 2, 2, 2, 0, 2, 2, 0, 3, 2, 2, 2, 0, 0, 0, 0, 0, 2, 2, 2, 2]
              precision    recall  f1-score   support

  __label__0  1.00000000 0.81463415 0.89784946       205
  __label__1  1.00000000 0.77272727 0.87179487        22
  __label__2  0.78703704 1.00000000 0.88082902       170
  __label__3  1.00000000 0.81250000 0.89655172        16

    accuracy                      0.88861985       413
   macro avg  0.94675926 0.84996535 0.88675627       413
weighted avg  0.91233970 0.88861985 0.88940530       413

accuracy	 0.8886198547215496
Warning : `load_model` does not return WordVectorModel or SupervisedModel any more, but a `FastText` object which is very similar.
100%|██████████| 413/413 [00:00<00:00, 1574.54it/s]
[2, 0, 2, 2, 0, 1, 2, 0, 3, 2, 0, 2, 1, 0, 0, 1, 2, 2, 2, 2, 1, 0, 0, 2, 2, 0, 2, 0, 2, 2, 1, 2, 3, 2, 0, 0, 0, 0, 0, 2, 0, 2, 0, 2, 2, 2, 0, 0, 0, 2, 2, 2, 2, 0, 0, 0, 0, 0, 3, 0, 0, 2, 2, 2, 3, 0, 2, 0, 2, 2, 2, 0, 1, 2, 3, 0, 0, 2, 0, 0, 0, 1, 0, 1, 1, 2, 2, 2, 0, 0, 0, 2, 0, 0, 0, 0, 2, 0, 0, 0, 0, 2, 0, 0, 2, 2, 2, 0, 0, 0, 2, 0, 0, 0, 0, 0, 0, 2, 0, 0, 2, 3, 2, 1, 0, 0, 2, 0, 2, 0, 0, 0, 2, 0, 0, 2, 2, 2, 0, 3, 0, 0, 0, 2, 0, 2, 2, 2, 0, 0, 0, 2, 0, 0, 0, 0, 0, 0, 0, 2, 1, 2, 2, 2, 0, 0, 0, 0, 3, 1, 0, 2, 2, 0, 0, 2, 0, 2, 2, 0, 1, 0, 0, 2, 3, 2, 0, 0, 1, 0, 0, 1, 2, 2, 2, 3, 1, 0, 0, 0, 2, 0, 0, 2, 2, 0, 0, 0, 0, 2, 0, 2, 0, 0, 0, 2, 2, 0, 0, 0, 2, 2, 2, 0, 0, 0, 2, 2, 0, 0, 2, 2, 0, 2, 0, 0, 2, 0, 1, 2, 0, 0, 0, 2, 0, 0, 0, 2, 2, 0, 2, 0, 2, 2, 0, 0, 2, 2, 0, 1, 2, 0, 3, 0, 2, 2, 0, 2, 0, 2, 0, 0, 0, 2, 0, 2, 0, 0, 0, 0, 0, 2, 0, 0, 2, 2, 2, 0, 0, 2, 2, 2, 0, 0, 2, 0, 0, 0, 0, 2, 2, 2, 1, 0, 0, 0, 0, 2, 2, 2, 2, 0, 0, 2, 2, 3, 2, 2, 2, 2, 0, 0, 0, 0, 0, 3, 2, 2, 2, 0, 2, 2, 0, 0, 1, 0, 0, 2, 2, 0, 0, 0, 3, 2, 2, 2, 2, 2, 2, 0, 2, 2, 0, 0, 0, 2, 3, 0, 0, 2, 0, 2, 0, 2, 3, 1, 2, 2, 0, 2, 2, 2, 0, 0, 2, 2, 2, 0, 2, 2, 2, 2, 2, 0, 0, 2, 2, 0, 2, 0, 0, 0, 0, 2, 0, 2, 2, 2, 0, 2, 0, 0, 0, 0, 0, 2, 2, 0, 0, 2, 1, 2, 0]
[2, 2, 2, 2, 0, 1, 2, 0, 3, 2, 0, 2, 1, 0, 0, 1, 2, 2, 2, 2, 2, 0, 0, 2, 2, 0, 2, 0, 2, 2, 1, 2, 3, 2, 0, 0, 0, 0, 0, 2, 0, 2, 0, 2, 2, 2, 0, 0, 0, 2, 2, 2, 2, 0, 0, 2, 0, 0, 2, 0, 0, 2, 2, 2, 3, 2, 2, 0, 2, 2, 2, 0, 1, 2, 3, 0, 2, 2, 0, 0, 2, 1, 0, 1, 1, 2, 2, 2, 0, 0, 0, 2, 0, 0, 2, 0, 2, 0, 0, 2, 0, 2, 2, 0, 2, 2, 2, 0, 2, 0, 2, 0, 0, 0, 2, 0, 2, 2, 0, 0, 2, 3, 2, 2, 0, 0, 2, 0, 2, 0, 0, 0, 2, 0, 0, 2, 2, 2, 0, 3, 0, 0, 0, 2, 0, 2, 2, 2, 0, 0, 2, 2, 0, 2, 2, 0, 0, 0, 0, 2, 1, 2, 2, 2, 2, 0, 0, 2, 2, 1, 2, 2, 2, 0, 0, 2, 0, 2, 2, 0, 2, 0, 0, 2, 2, 2, 0, 0, 2, 0, 0, 1, 2, 2, 2, 3, 2, 0, 0, 2, 2, 0, 0, 2, 2, 0, 0, 2, 2, 2, 2, 2, 2, 2, 0, 2, 2, 0, 0, 0, 2, 2, 2, 0, 0, 0, 2, 2, 0, 0, 2, 2, 0, 2, 2, 0, 2, 2, 1, 2, 0, 0, 0, 2, 0, 0, 0, 2, 2, 0, 2, 0, 2, 2, 0, 2, 2, 2, 0, 2, 2, 0, 2, 0, 2, 2, 2, 2, 0, 2, 0, 0, 0, 2, 0, 2, 0, 0, 0, 0, 0, 2, 0, 0, 2, 2, 2, 0, 2, 2, 2, 2, 0, 0, 2, 0, 2, 0, 0, 2, 2, 2, 2, 2, 2, 0, 0, 2, 2, 2, 2, 2, 0, 2, 2, 3, 2, 2, 2, 2, 2, 0, 2, 0, 0, 3, 2, 2, 2, 0, 2, 2, 0, 2, 1, 0, 0, 2, 2, 0, 0, 2, 2, 2, 2, 2, 2, 2, 2, 0, 2, 2, 0, 0, 0, 2, 3, 0, 0, 2, 2, 2, 0, 2, 2, 1, 2, 2, 0, 2, 2, 2, 0, 0, 2, 2, 2, 0, 2, 2, 2, 2, 2, 0, 0, 2, 2, 0, 2, 0, 0, 2, 0, 2, 0, 2, 2, 2, 2, 2, 0, 0, 0, 0, 0, 2, 2, 0, 0, 2, 1, 2, 2]
              precision    recall  f1-score   support

  __label__0  1.00000000 0.80487805 0.89189189       205
  __label__1  1.00000000 0.68181818 0.81081081        22
  __label__2  0.76233184 1.00000000 0.86513995       170
  __label__3  1.00000000 0.62500000 0.76923077        16

    accuracy                      0.87167070       413
   macro avg  0.94058296 0.77792406 0.83426836       413
weighted avg  0.90217049 0.87167070 0.87180910       413

accuracy	 0.8716707021791767
Warning : `load_model` does not return WordVectorModel or SupervisedModel any more, but a `FastText` object which is very similar.
100%|██████████| 413/413 [00:00<00:00, 2979.18it/s]
[0, 0, 1, 0, 2, 2, 0, 0, 0, 0, 1, 2, 0, 0, 0, 2, 0, 0, 0, 1, 2, 2, 2, 2, 0, 3, 0, 2, 2, 2, 2, 1, 2, 2, 0, 2, 0, 0, 2, 0, 2, 0, 0, 1, 2, 0, 2, 0, 0, 0, 0, 0, 2, 0, 0, 2, 2, 1, 2, 0, 0, 0, 0, 0, 2, 3, 0, 2, 3, 0, 0, 2, 2, 0, 2, 0, 0, 1, 0, 2, 2, 0, 0, 2, 0, 0, 2, 2, 0, 0, 0, 2, 0, 2, 2, 2, 0, 2, 2, 1, 2, 0, 2, 2, 2, 1, 0, 2, 0, 2, 1, 0, 2, 1, 0, 2, 0, 2, 2, 2, 0, 2, 2, 0, 2, 0, 0, 0, 2, 0, 0, 0, 0, 0, 2, 0, 0, 0, 0, 1, 0, 2, 2, 2, 3, 0, 0, 0, 3, 0, 0, 0, 2, 0, 2, 2, 3, 0, 0, 2, 0, 0, 2, 0, 0, 1, 2, 2, 3, 0, 0, 2, 2, 0, 1, 0, 1, 3, 2, 0, 2, 2, 0, 0, 2, 0, 2, 0, 0, 0, 2, 2, 0, 0, 0, 0, 0, 3, 0, 2, 0, 3, 0, 2, 0, 0, 0, 0, 0, 0, 0, 0, 0, 2, 0, 0, 2, 2, 2, 2, 1, 0, 0, 2, 0, 2, 2, 1, 2, 0, 0, 2, 0, 0, 0, 2, 0, 0, 0, 2, 2, 0, 2, 0, 2, 0, 0, 2, 2, 2, 2, 2, 0, 0, 2, 3, 2, 2, 0, 0, 2, 2, 0, 2, 0, 2, 2, 0, 0, 2, 0, 3, 2, 0, 2, 0, 2, 0, 2, 2, 2, 2, 0, 2, 2, 0, 2, 0, 0, 2, 2, 0, 0, 2, 0, 0, 2, 2, 0, 3, 0, 0, 0, 0, 0, 0, 0, 2, 1, 2, 0, 3, 2, 0, 2, 2, 2, 0, 0, 0, 2, 0, 2, 2, 0, 2, 2, 0, 2, 2, 0, 2, 0, 1, 0, 2, 2, 2, 2, 2, 0, 0, 2, 1, 2, 2, 2, 0, 2, 2, 2, 0, 2, 0, 0, 2, 0, 1, 2, 0, 0, 0, 2, 2, 2, 0, 0, 2, 0, 1, 0, 2, 0, 2, 2, 2, 0, 0, 2, 0, 2, 0, 2, 0, 2, 2, 2, 2, 0, 0, 0, 0, 0, 2, 0, 2, 0, 2, 2, 0, 0, 3, 0, 0, 2, 3, 0, 2, 0, 0, 0, 0, 0]
[0, 2, 2, 0, 2, 2, 0, 0, 0, 2, 1, 2, 0, 0, 2, 2, 0, 0, 2, 2, 2, 2, 2, 2, 0, 2, 0, 2, 2, 2, 2, 1, 2, 2, 0, 2, 0, 0, 2, 2, 2, 0, 0, 2, 2, 0, 2, 0, 0, 0, 0, 0, 2, 0, 0, 2, 2, 1, 2, 2, 0, 0, 0, 0, 2, 3, 0, 2, 3, 0, 0, 2, 2, 0, 2, 0, 0, 1, 0, 2, 2, 0, 0, 2, 0, 0, 2, 2, 0, 0, 0, 2, 0, 2, 2, 2, 0, 2, 2, 1, 2, 0, 2, 2, 2, 1, 2, 2, 0, 2, 1, 2, 2, 2, 0, 2, 0, 2, 2, 2, 0, 2, 2, 0, 2, 0, 0, 0, 2, 0, 0, 0, 0, 0, 2, 2, 0, 0, 0, 1, 0, 2, 2, 2, 3, 0, 0, 0, 3, 2, 0, 0, 2, 0, 2, 2, 2, 0, 0, 2, 0, 0, 2, 0, 0, 1, 2, 2, 3, 0, 0, 2, 2, 2, 1, 0, 1, 2, 2, 0, 2, 2, 0, 2, 2, 0, 2, 0, 0, 0, 2, 2, 0, 0, 0, 2, 0, 3, 0, 2, 0, 3, 0, 2, 2, 0, 2, 0, 2, 0, 0, 0, 0, 2, 0, 0, 2, 2, 2, 2, 1, 0, 0, 2, 0, 2, 2, 1, 2, 0, 0, 2, 0, 2, 0, 2, 0, 0, 0, 2, 2, 0, 2, 0, 2, 2, 0, 2, 2, 2, 2, 2, 0, 0, 2, 3, 2, 2, 0, 0, 2, 2, 2, 2, 0, 2, 2, 0, 0, 2, 0, 2, 2, 0, 2, 0, 2, 0, 2, 2, 2, 2, 0, 2, 2, 0, 2, 2, 0, 2, 2, 0, 0, 2, 0, 0, 2, 2, 2, 2, 0, 0, 0, 0, 2, 0, 2, 2, 1, 2, 0, 3, 2, 0, 2, 2, 2, 0, 0, 2, 2, 2, 2, 2, 2, 2, 2, 0, 2, 2, 0, 2, 0, 1, 0, 2, 2, 2, 2, 2, 0, 0, 2, 2, 2, 2, 2, 0, 2, 2, 2, 0, 2, 0, 0, 2, 2, 2, 2, 0, 0, 0, 2, 2, 2, 2, 2, 2, 2, 1, 0, 2, 0, 2, 2, 2, 0, 0, 2, 0, 2, 0, 2, 2, 2, 2, 2, 2, 2, 0, 0, 2, 0, 2, 0, 2, 0, 2, 2, 2, 0, 2, 0, 0, 2, 3, 0, 2, 0, 2, 0, 0, 0]
              precision    recall  f1-score   support

  __label__0  1.00000000 0.82926829 0.90666667       205
  __label__1  1.00000000 0.72727273 0.84210526        22
  __label__2  0.78341014 1.00000000 0.87855297       170
  __label__3  1.00000000 0.62500000 0.76923077        16

    accuracy                      0.88619855       413
   macro avg  0.94585253 0.79538525 0.84913892       413
weighted avg  0.91084679 0.88619855 0.88633094       413

accuracy	 0.8861985472154964

Process finished with exit code 0
