E:\Anaconda3\envs\python3.7\python.exe D:/Desktop/文件夹/Food-BERT/FastTextModel/train_test.py
Read 0M words
Number of words:  3321
Number of labels: 4
Progress: 100.0% words/sec/thread:   13988 lr:  0.000000 avg.loss:  0.073723 ETA:   0h 0m 0s
100%|██████████| 413/413 [00:00<00:00, 2029.92it/s]
[0, 2, 0, 0, 0, 2, 2, 0, 0, 0, 1, 2, 0, 0, 0, 0, 0, 2, 2, 2, 0, 0, 2, 0, 0, 2, 0, 2, 0, 2, 2, 0, 0, 3, 2, 2, 2, 0, 0, 0, 0, 2, 0, 2, 2, 1, 2, 2, 3, 2, 2, 0, 2, 3, 1, 2, 0, 0, 2, 3, 0, 0, 3, 1, 0, 0, 0, 2, 2, 2, 0, 2, 2, 0, 1, 0, 0, 0, 2, 0, 0, 0, 2, 0, 0, 0, 2, 0, 2, 2, 0, 2, 1, 0, 0, 0, 2, 0, 0, 2, 0, 0, 0, 2, 2, 2, 0, 0, 2, 0, 0, 2, 2, 0, 2, 2, 0, 0, 2, 2, 2, 2, 2, 0, 2, 0, 2, 0, 3, 2, 2, 2, 0, 2, 2, 1, 2, 0, 0, 0, 2, 2, 2, 2, 1, 0, 2, 2, 0, 0, 0, 0, 0, 0, 0, 0, 2, 2, 0, 0, 2, 3, 0, 1, 0, 2, 2, 0, 2, 2, 0, 2, 0, 2, 0, 0, 0, 0, 3, 0, 1, 0, 2, 0, 2, 0, 3, 0, 2, 0, 2, 0, 0, 2, 0, 0, 2, 2, 0, 2, 0, 0, 2, 0, 2, 3, 0, 2, 0, 0, 1, 0, 2, 2, 2, 0, 3, 0, 2, 2, 0, 2, 1, 0, 2, 2, 0, 2, 0, 0, 0, 2, 2, 2, 2, 0, 2, 2, 0, 0, 0, 0, 0, 0, 2, 1, 2, 2, 2, 0, 0, 0, 2, 0, 0, 0, 2, 2, 0, 0, 0, 0, 2, 2, 2, 0, 2, 0, 2, 0, 2, 0, 2, 2, 0, 2, 0, 2, 2, 3, 2, 1, 0, 0, 0, 0, 2, 0, 2, 0, 2, 1, 0, 0, 2, 2, 0, 0, 0, 0, 0, 2, 0, 3, 0, 0, 0, 0, 0, 1, 2, 0, 1, 2, 0, 2, 0, 2, 1, 2, 2, 2, 0, 0, 2, 2, 0, 0, 0, 2, 3, 0, 2, 0, 0, 0, 2, 0, 0, 0, 0, 0, 2, 0, 0, 1, 0, 0, 0, 2, 0, 2, 2, 0, 2, 0, 0, 2, 2, 2, 2, 0, 2, 2, 2, 2, 0, 0, 0, 2, 2, 3, 2, 0, 0, 0, 0, 0, 0, 0, 0, 2, 2, 2, 0, 0, 2, 1, 0, 2, 2, 2, 0, 2, 2, 2, 2, 1, 0, 0, 2, 2, 2, 0, 0, 1, 2, 2, 2, 3, 0, 0, 0]
[0, 0, 0, 0, 0, 0, 0, 0, 0, 0, 0, 0, 0, 0, 0, 0, 0, 0, 0, 0, 0, 0, 0, 0, 0, 0, 0, 0, 0, 0, 0, 0, 0, 0, 0, 0, 0, 0, 0, 0, 0, 0, 0, 0, 0, 0, 0, 0, 0, 0, 0, 0, 0, 0, 0, 0, 0, 0, 0, 0, 0, 0, 0, 0, 0, 0, 0, 0, 0, 0, 0, 0, 0, 0, 0, 0, 0, 0, 0, 0, 0, 0, 0, 0, 0, 0, 0, 0, 0, 0, 0, 0, 0, 0, 0, 0, 0, 0, 0, 0, 0, 0, 0, 0, 0, 0, 0, 0, 0, 0, 0, 0, 0, 0, 0, 0, 0, 0, 0, 0, 0, 0, 0, 0, 0, 0, 0, 0, 0, 0, 0, 0, 0, 0, 0, 0, 0, 0, 0, 0, 0, 0, 0, 0, 0, 0, 0, 0, 0, 0, 0, 0, 0, 0, 0, 0, 0, 0, 0, 0, 0, 0, 0, 0, 0, 0, 0, 0, 0, 0, 0, 0, 0, 0, 0, 0, 0, 0, 0, 0, 0, 0, 0, 0, 0, 0, 0, 0, 0, 0, 0, 0, 0, 0, 0, 0, 0, 0, 0, 0, 0, 0, 0, 0, 0, 0, 0, 0, 0, 0, 0, 0, 0, 0, 0, 0, 0, 0, 0, 0, 0, 0, 0, 0, 0, 0, 0, 0, 0, 0, 0, 0, 0, 0, 0, 0, 0, 0, 0, 0, 0, 0, 0, 0, 0, 0, 0, 0, 0, 0, 0, 0, 0, 0, 0, 0, 0, 0, 0, 0, 0, 0, 0, 0, 0, 0, 0, 0, 0, 0, 0, 0, 0, 0, 0, 0, 0, 0, 0, 0, 0, 0, 0, 0, 0, 0, 0, 0, 0, 0, 0, 0, 0, 0, 0, 0, 0, 0, 0, 0, 0, 0, 0, 0, 0, 0, 0, 0, 0, 0, 0, 0, 0, 0, 0, 0, 0, 0, 0, 0, 0, 0, 0, 0, 0, 0, 0, 0, 0, 0, 0, 0, 0, 0, 0, 0, 0, 0, 0, 0, 0, 0, 0, 0, 0, 0, 0, 0, 0, 0, 0, 0, 0, 0, 0, 0, 0, 0, 0, 0, 0, 0, 0, 0, 0, 0, 0, 0, 0, 0, 0, 0, 0, 0, 0, 0, 0, 0, 0, 0, 0, 0, 0, 0, 0, 0, 0, 0, 0, 0, 0, 0, 0, 0, 0, 0, 0, 0, 0, 0, 0, 0, 0, 0, 0, 0, 0, 0, 0, 0, 0, 0, 0]
E:\Anaconda3\envs\python3.7\lib\site-packages\sklearn\metrics\_classification.py:1245: UndefinedMetricWarning: Precision and F-score are ill-defined and being set to 0.0 in labels with no predicted samples. Use `zero_division` parameter to control this behavior.
  _warn_prf(average, modifier, msg_start, len(result))
E:\Anaconda3\envs\python3.7\lib\site-packages\sklearn\metrics\_classification.py:1245: UndefinedMetricWarning: Precision and F-score are ill-defined and being set to 0.0 in labels with no predicted samples. Use `zero_division` parameter to control this behavior.
  _warn_prf(average, modifier, msg_start, len(result))
E:\Anaconda3\envs\python3.7\lib\site-packages\sklearn\metrics\_classification.py:1245: UndefinedMetricWarning: Precision and F-score are ill-defined and being set to 0.0 in labels with no predicted samples. Use `zero_division` parameter to control this behavior.
  _warn_prf(average, modifier, msg_start, len(result))
Warning : `load_model` does not return WordVectorModel or SupervisedModel any more, but a `FastText` object which is very similar.
              precision    recall  f1-score   support

  __label__0  0.49636804 1.00000000 0.66343042       205
  __label__1  0.00000000 0.00000000 0.00000000        22
  __label__2  0.00000000 0.00000000 0.00000000       170
  __label__3  0.00000000 0.00000000 0.00000000        16

    accuracy                      0.49636804       413
   macro avg  0.12409201 0.25000000 0.16585761       413
weighted avg  0.24638123 0.49636804 0.32930566       413

accuracy	 0.4963680387409201
100%|██████████| 413/413 [00:00<00:00, 2509.71it/s]
[2, 0, 0, 1, 2, 2, 2, 2, 2, 2, 2, 3, 0, 2, 2, 0, 0, 0, 2, 0, 0, 2, 2, 0, 2, 0, 2, 2, 2, 2, 2, 0, 0, 0, 2, 0, 2, 0, 3, 0, 1, 0, 0, 2, 0, 2, 3, 0, 2, 2, 0, 2, 0, 2, 2, 0, 0, 0, 2, 2, 0, 2, 2, 2, 2, 0, 1, 0, 0, 0, 2, 0, 0, 2, 2, 0, 0, 2, 0, 1, 0, 2, 0, 2, 0, 0, 0, 3, 2, 0, 0, 0, 2, 2, 0, 1, 2, 2, 0, 0, 0, 0, 0, 2, 2, 0, 0, 0, 2, 0, 0, 0, 0, 1, 2, 2, 0, 0, 2, 2, 0, 2, 0, 0, 0, 2, 0, 0, 2, 0, 2, 2, 0, 2, 2, 0, 2, 1, 2, 0, 0, 2, 0, 0, 2, 2, 1, 2, 2, 1, 2, 2, 0, 0, 1, 2, 3, 0, 0, 3, 0, 2, 0, 2, 2, 0, 0, 2, 0, 2, 0, 0, 2, 0, 0, 2, 1, 0, 0, 0, 0, 2, 2, 0, 2, 2, 0, 0, 0, 2, 2, 0, 2, 2, 2, 2, 0, 0, 2, 0, 3, 0, 3, 2, 0, 2, 0, 0, 0, 0, 2, 2, 2, 0, 0, 2, 0, 2, 2, 2, 0, 0, 2, 0, 2, 1, 2, 2, 0, 2, 0, 3, 2, 0, 2, 2, 2, 0, 0, 0, 2, 0, 2, 1, 0, 2, 0, 0, 2, 0, 2, 0, 2, 2, 2, 0, 0, 0, 0, 0, 2, 2, 0, 2, 0, 0, 0, 0, 2, 2, 0, 2, 0, 0, 2, 0, 0, 0, 0, 2, 0, 0, 0, 0, 0, 0, 0, 2, 0, 0, 0, 0, 0, 0, 2, 1, 2, 0, 0, 0, 0, 1, 3, 2, 0, 0, 0, 2, 2, 0, 2, 0, 0, 3, 2, 0, 2, 0, 2, 2, 0, 0, 0, 0, 2, 0, 2, 2, 0, 0, 2, 0, 0, 0, 2, 0, 0, 0, 3, 3, 0, 0, 2, 2, 1, 2, 0, 0, 2, 1, 1, 0, 2, 2, 1, 3, 2, 2, 2, 2, 0, 0, 2, 2, 2, 0, 0, 0, 2, 0, 2, 2, 2, 1, 0, 2, 0, 0, 2, 0, 0, 0, 3, 2, 1, 0, 2, 2, 2, 0, 0, 2, 0, 0, 2, 0, 2, 2, 2, 2, 3, 2, 0, 0, 2, 0, 1, 0, 0, 0, 2, 2, 0]
[2, 0, 0, 0, 2, 2, 2, 2, 2, 2, 2, 3, 0, 2, 2, 0, 0, 0, 2, 0, 0, 2, 2, 0, 2, 0, 2, 0, 2, 0, 2, 0, 0, 0, 2, 0, 2, 0, 3, 0, 1, 0, 0, 0, 0, 2, 0, 0, 2, 2, 0, 2, 0, 2, 2, 0, 0, 0, 0, 0, 0, 0, 2, 2, 2, 0, 1, 0, 0, 0, 2, 0, 0, 2, 0, 0, 0, 2, 0, 1, 0, 2, 0, 2, 0, 0, 0, 3, 2, 0, 0, 0, 2, 0, 0, 1, 0, 0, 0, 0, 0, 0, 0, 2, 2, 0, 0, 0, 2, 0, 0, 0, 0, 1, 2, 2, 0, 0, 0, 2, 0, 2, 0, 0, 0, 2, 0, 0, 2, 0, 2, 2, 0, 2, 2, 0, 2, 1, 2, 0, 0, 2, 0, 0, 0, 0, 1, 2, 2, 0, 2, 2, 0, 0, 1, 2, 3, 0, 0, 0, 0, 0, 0, 2, 2, 0, 0, 2, 0, 2, 0, 0, 2, 0, 0, 0, 0, 0, 0, 0, 0, 2, 2, 0, 2, 2, 0, 0, 0, 2, 2, 0, 2, 2, 2, 2, 0, 0, 2, 0, 3, 0, 3, 2, 0, 2, 0, 0, 0, 0, 2, 2, 2, 0, 0, 0, 0, 2, 2, 2, 0, 0, 0, 0, 2, 1, 2, 2, 0, 2, 0, 3, 2, 0, 2, 2, 2, 0, 0, 0, 0, 0, 2, 0, 0, 2, 0, 0, 2, 0, 0, 0, 2, 2, 2, 0, 0, 0, 0, 0, 2, 2, 0, 2, 0, 0, 0, 0, 2, 2, 0, 2, 0, 0, 2, 0, 0, 0, 0, 2, 0, 0, 0, 0, 0, 0, 0, 2, 0, 0, 0, 0, 0, 0, 2, 0, 2, 0, 0, 0, 0, 1, 3, 2, 0, 0, 0, 2, 2, 0, 0, 0, 0, 3, 2, 0, 2, 0, 2, 0, 0, 0, 0, 0, 2, 0, 2, 2, 0, 0, 2, 0, 0, 0, 2, 0, 0, 0, 3, 3, 0, 0, 2, 2, 1, 2, 0, 0, 2, 0, 1, 0, 2, 2, 0, 3, 2, 2, 2, 2, 0, 0, 2, 0, 2, 0, 0, 0, 2, 0, 2, 2, 2, 1, 0, 2, 0, 0, 2, 0, 0, 0, 0, 2, 1, 0, 2, 2, 2, 0, 0, 2, 0, 0, 2, 0, 2, 2, 2, 2, 3, 0, 0, 0, 0, 0, 1, 0, 0, 0, 2, 2, 0]
              precision    recall  f1-score   support

  __label__0  0.85774059 1.00000000 0.92342342       205
  __label__1  1.00000000 0.68181818 0.81081081        22
  __label__2  1.00000000 0.85882353 0.92405063       170
  __label__3  1.00000000 0.81250000 0.89655172        16

    accuracy                      0.91767554       413
   macro avg  0.96443515 0.83828543 0.88870915       413
weighted avg  0.92938697 0.91767554 0.91664183       413

accuracy	 0.9176755447941889
Warning : `load_model` does not return WordVectorModel or SupervisedModel any more, but a `FastText` object which is very similar.
100%|██████████| 413/413 [00:00<00:00, 4815.25it/s]
[2, 0, 3, 2, 2, 2, 2, 2, 0, 2, 2, 0, 0, 2, 0, 0, 2, 2, 0, 2, 2, 2, 1, 0, 0, 2, 0, 2, 0, 0, 0, 2, 2, 2, 1, 0, 0, 0, 0, 0, 0, 2, 0, 2, 0, 0, 0, 0, 2, 0, 0, 2, 0, 2, 2, 0, 0, 2, 2, 0, 0, 2, 0, 2, 0, 2, 2, 0, 2, 2, 2, 2, 0, 0, 0, 2, 2, 0, 0, 2, 0, 2, 1, 2, 2, 0, 0, 2, 2, 2, 2, 2, 0, 0, 1, 0, 0, 2, 2, 0, 0, 0, 0, 0, 2, 0, 0, 2, 0, 0, 1, 0, 1, 0, 0, 0, 0, 0, 0, 0, 0, 0, 3, 0, 3, 0, 0, 0, 2, 2, 2, 2, 0, 1, 0, 1, 0, 0, 2, 0, 1, 2, 1, 2, 2, 2, 2, 3, 2, 2, 0, 2, 0, 0, 2, 2, 3, 0, 2, 0, 0, 2, 0, 0, 2, 2, 0, 0, 2, 2, 0, 2, 0, 0, 2, 0, 0, 0, 0, 0, 2, 0, 2, 2, 0, 2, 2, 2, 1, 0, 0, 2, 1, 3, 2, 2, 1, 2, 2, 2, 0, 0, 2, 0, 0, 2, 0, 0, 1, 2, 2, 2, 0, 2, 0, 0, 0, 0, 0, 0, 0, 1, 0, 0, 0, 0, 0, 2, 2, 0, 0, 0, 0, 0, 2, 2, 2, 0, 0, 0, 2, 0, 0, 2, 2, 1, 2, 2, 0, 3, 2, 2, 2, 0, 0, 0, 0, 0, 2, 2, 2, 2, 0, 2, 3, 2, 2, 2, 2, 2, 2, 0, 0, 0, 1, 0, 2, 0, 2, 2, 0, 1, 2, 0, 2, 0, 0, 0, 2, 0, 0, 1, 0, 0, 1, 0, 2, 0, 0, 2, 3, 2, 0, 0, 2, 0, 0, 0, 0, 2, 2, 2, 2, 0, 2, 2, 2, 0, 0, 0, 3, 2, 2, 0, 2, 2, 0, 2, 0, 0, 2, 3, 0, 0, 0, 0, 0, 0, 0, 2, 2, 2, 0, 0, 0, 2, 0, 0, 2, 2, 2, 0, 0, 0, 2, 1, 0, 0, 2, 0, 0, 0, 2, 2, 2, 0, 0, 0, 2, 0, 0, 3, 0, 0, 2, 0, 0, 0, 0, 3, 2, 2, 0, 0, 2, 3, 0, 2, 2, 2, 2, 0, 0, 2, 2, 2, 0, 2, 2, 2, 0, 0, 1, 2, 3, 0, 2, 0, 0, 3, 2, 2, 2]
[2, 0, 3, 2, 2, 2, 2, 2, 0, 2, 2, 0, 0, 2, 0, 0, 2, 0, 0, 2, 0, 2, 1, 0, 0, 2, 0, 2, 0, 0, 0, 2, 2, 0, 1, 0, 0, 0, 0, 0, 0, 0, 0, 2, 0, 0, 0, 0, 2, 0, 0, 2, 0, 0, 2, 0, 0, 2, 0, 0, 0, 2, 0, 2, 0, 2, 2, 0, 0, 2, 2, 0, 0, 0, 0, 2, 2, 0, 0, 2, 0, 2, 1, 2, 2, 0, 0, 2, 2, 2, 2, 2, 0, 0, 1, 0, 0, 2, 2, 0, 0, 0, 0, 0, 0, 0, 0, 2, 0, 0, 1, 0, 1, 0, 0, 0, 0, 0, 0, 0, 0, 0, 3, 0, 3, 0, 0, 0, 2, 2, 2, 0, 0, 1, 0, 1, 0, 0, 2, 0, 1, 2, 1, 2, 2, 2, 2, 3, 2, 0, 0, 2, 0, 0, 2, 2, 3, 0, 0, 0, 0, 2, 0, 0, 2, 2, 0, 0, 2, 2, 0, 2, 0, 0, 2, 0, 0, 0, 0, 0, 2, 0, 2, 2, 0, 2, 2, 2, 1, 0, 0, 2, 1, 0, 2, 2, 1, 2, 2, 2, 0, 0, 2, 0, 0, 2, 0, 0, 0, 2, 2, 2, 0, 2, 0, 0, 0, 0, 0, 0, 0, 1, 0, 0, 0, 0, 0, 0, 2, 0, 0, 0, 0, 0, 2, 2, 2, 0, 0, 0, 2, 0, 0, 0, 2, 1, 2, 2, 0, 0, 0, 2, 2, 0, 0, 0, 0, 0, 2, 0, 2, 2, 0, 2, 3, 2, 0, 0, 2, 2, 0, 0, 0, 0, 1, 0, 2, 0, 2, 2, 0, 1, 2, 0, 2, 0, 0, 0, 2, 0, 0, 1, 0, 0, 1, 0, 2, 0, 0, 0, 3, 2, 0, 0, 2, 0, 0, 0, 0, 2, 0, 2, 2, 0, 2, 0, 2, 0, 0, 0, 3, 2, 2, 0, 2, 2, 0, 2, 0, 0, 0, 3, 0, 0, 0, 0, 0, 0, 0, 0, 2, 2, 0, 0, 0, 2, 0, 0, 0, 2, 0, 0, 0, 0, 2, 0, 0, 0, 2, 0, 0, 0, 2, 0, 0, 0, 0, 0, 0, 0, 0, 3, 0, 0, 2, 0, 0, 0, 0, 3, 2, 2, 0, 0, 2, 0, 0, 2, 0, 2, 2, 0, 0, 2, 2, 2, 0, 2, 2, 2, 0, 0, 1, 2, 3, 0, 0, 0, 0, 3, 2, 2, 2]
              precision    recall  f1-score   support

  __label__0  0.85062241 1.00000000 0.91928251       205
  __label__1  1.00000000 0.90909091 0.95238095        22
  __label__2  1.00000000 0.81764706 0.89967638       170
  __label__3  1.00000000 0.81250000 0.89655172        16

    accuracy                      0.91283293       413
   macro avg  0.96265560 0.88480949 0.91697289       413
weighted avg  0.92585374 0.91283293 0.91209469       413

accuracy	 0.9128329297820823
Warning : `load_model` does not return WordVectorModel or SupervisedModel any more, but a `FastText` object which is very similar.
100%|██████████| 413/413 [00:00<00:00, 4269.20it/s]
[2, 0, 2, 0, 0, 0, 0, 0, 0, 0, 0, 0, 2, 2, 2, 2, 0, 0, 2, 2, 1, 2, 2, 2, 0, 2, 0, 0, 0, 0, 2, 2, 0, 2, 2, 0, 2, 0, 3, 0, 2, 2, 2, 2, 0, 2, 0, 2, 1, 2, 0, 2, 2, 0, 2, 3, 2, 2, 0, 0, 0, 0, 0, 2, 2, 2, 2, 0, 2, 0, 1, 2, 0, 2, 0, 2, 2, 0, 3, 2, 1, 1, 0, 0, 0, 0, 0, 1, 0, 0, 0, 2, 0, 0, 0, 2, 2, 2, 0, 2, 0, 2, 0, 0, 0, 0, 2, 2, 0, 0, 0, 2, 0, 2, 2, 0, 1, 0, 0, 0, 0, 0, 2, 3, 0, 0, 0, 0, 0, 0, 2, 3, 0, 2, 0, 2, 2, 0, 0, 2, 2, 0, 2, 0, 2, 0, 2, 2, 0, 2, 0, 3, 0, 0, 0, 1, 2, 1, 0, 2, 0, 2, 2, 3, 2, 2, 0, 2, 1, 2, 0, 2, 2, 2, 2, 0, 0, 0, 1, 2, 2, 2, 0, 0, 0, 2, 0, 0, 2, 0, 2, 2, 0, 0, 2, 3, 0, 0, 2, 0, 2, 0, 2, 2, 1, 0, 0, 0, 2, 2, 0, 2, 2, 2, 0, 2, 2, 1, 2, 2, 2, 0, 0, 2, 0, 0, 0, 2, 2, 2, 0, 0, 0, 2, 0, 0, 2, 2, 0, 2, 2, 0, 2, 0, 2, 0, 0, 0, 2, 1, 0, 2, 0, 0, 2, 2, 0, 2, 0, 0, 2, 0, 0, 2, 0, 0, 2, 2, 0, 0, 0, 2, 0, 2, 0, 0, 0, 2, 2, 2, 0, 1, 0, 0, 0, 2, 2, 2, 0, 0, 2, 0, 0, 2, 0, 0, 0, 0, 0, 2, 0, 0, 2, 2, 2, 3, 2, 1, 0, 0, 0, 0, 2, 0, 0, 0, 0, 0, 0, 0, 2, 2, 0, 2, 2, 0, 1, 0, 2, 0, 2, 2, 2, 0, 3, 3, 2, 0, 0, 2, 2, 0, 0, 0, 0, 0, 0, 2, 0, 0, 0, 0, 1, 2, 1, 1, 0, 0, 0, 2, 3, 2, 0, 0, 0, 0, 2, 2, 2, 2, 2, 2, 0, 0, 1, 3, 2, 2, 2, 0, 0, 0, 3, 2, 0, 2, 1, 2, 0, 2, 0, 2, 2, 0, 3, 2, 0, 2, 2, 2, 0, 2, 2, 0, 0, 0, 0, 0, 3, 2, 0, 0, 2]
[0, 0, 0, 0, 0, 0, 0, 0, 0, 0, 0, 0, 2, 2, 2, 2, 0, 0, 2, 2, 1, 2, 2, 2, 0, 2, 0, 0, 0, 0, 0, 2, 0, 2, 2, 0, 2, 0, 3, 0, 2, 0, 2, 2, 0, 2, 0, 2, 0, 2, 0, 2, 2, 0, 0, 3, 2, 2, 0, 0, 0, 0, 0, 0, 2, 2, 2, 0, 2, 0, 1, 2, 0, 2, 0, 2, 2, 0, 3, 0, 1, 0, 0, 0, 0, 0, 0, 1, 0, 0, 0, 2, 0, 0, 0, 2, 0, 0, 0, 0, 0, 0, 0, 0, 0, 0, 2, 2, 0, 0, 0, 0, 0, 2, 2, 0, 1, 0, 0, 0, 0, 0, 0, 3, 0, 0, 0, 0, 0, 0, 0, 0, 0, 2, 0, 2, 2, 0, 0, 0, 2, 0, 2, 0, 2, 0, 2, 0, 0, 0, 0, 3, 0, 0, 0, 1, 0, 1, 0, 2, 0, 2, 2, 3, 2, 2, 0, 0, 1, 0, 0, 0, 0, 2, 2, 0, 0, 0, 1, 2, 2, 2, 0, 0, 0, 2, 0, 0, 0, 0, 2, 2, 0, 0, 2, 3, 0, 0, 2, 0, 2, 0, 2, 2, 1, 0, 0, 0, 2, 2, 0, 2, 2, 2, 0, 2, 0, 1, 2, 0, 0, 0, 0, 2, 0, 0, 0, 0, 2, 2, 0, 0, 0, 2, 0, 0, 2, 2, 0, 2, 2, 0, 2, 0, 2, 0, 0, 0, 2, 1, 0, 2, 0, 0, 2, 2, 0, 2, 0, 0, 2, 0, 0, 0, 0, 0, 2, 2, 0, 0, 0, 0, 0, 2, 0, 0, 0, 0, 2, 0, 0, 0, 0, 0, 0, 2, 2, 2, 0, 0, 2, 0, 0, 2, 0, 0, 0, 0, 0, 2, 0, 0, 0, 2, 2, 0, 2, 1, 0, 0, 0, 0, 2, 0, 0, 0, 0, 0, 0, 0, 2, 2, 0, 2, 2, 0, 1, 0, 2, 0, 2, 2, 2, 0, 0, 0, 2, 0, 0, 2, 2, 0, 0, 0, 0, 0, 0, 2, 0, 0, 0, 0, 1, 0, 1, 1, 0, 0, 0, 2, 3, 2, 0, 0, 0, 0, 2, 2, 2, 2, 2, 2, 0, 0, 1, 3, 0, 2, 2, 0, 0, 0, 3, 2, 0, 2, 1, 2, 0, 0, 0, 2, 2, 0, 3, 2, 0, 2, 0, 2, 0, 2, 2, 0, 0, 0, 0, 0, 3, 2, 0, 0, 0]
              precision    recall  f1-score   support

  __label__0  0.82329317 1.00000000 0.90308370       205
  __label__1  1.00000000 0.86363636 0.92682927        22
  __label__2  1.00000000 0.78235294 0.87788779       170
  __label__3  1.00000000 0.75000000 0.85714286        16

    accuracy                      0.89346247       413
   macro avg  0.95582329 0.84899733 0.89123590       413
weighted avg  0.91228838 0.89346247 0.89219761       413

accuracy	 0.8934624697336562
Warning : `load_model` does not return WordVectorModel or SupervisedModel any more, but a `FastText` object which is very similar.
100%|██████████| 413/413 [00:00<00:00, 2957.91it/s]
[2, 0, 2, 0, 2, 2, 0, 2, 2, 0, 3, 0, 1, 2, 0, 2, 2, 2, 0, 0, 2, 0, 0, 0, 0, 1, 2, 0, 1, 1, 0, 2, 0, 0, 0, 1, 0, 2, 2, 2, 2, 2, 0, 2, 0, 0, 2, 0, 0, 2, 0, 2, 2, 0, 0, 2, 0, 2, 2, 0, 2, 0, 2, 0, 2, 2, 0, 0, 0, 0, 3, 0, 0, 0, 2, 2, 0, 2, 0, 2, 0, 2, 0, 2, 0, 0, 0, 0, 2, 2, 0, 2, 2, 0, 2, 1, 2, 2, 2, 0, 1, 0, 2, 0, 0, 0, 2, 1, 0, 2, 0, 2, 2, 2, 0, 2, 2, 0, 2, 2, 2, 2, 2, 2, 2, 1, 0, 0, 0, 0, 0, 2, 0, 2, 2, 1, 2, 0, 2, 0, 2, 0, 0, 0, 2, 2, 0, 2, 2, 3, 2, 3, 0, 0, 2, 3, 0, 2, 0, 3, 2, 2, 1, 2, 0, 0, 1, 2, 2, 0, 2, 0, 2, 0, 0, 2, 0, 0, 2, 0, 0, 2, 2, 0, 0, 0, 0, 0, 0, 0, 2, 0, 2, 0, 3, 0, 2, 0, 0, 2, 0, 2, 2, 0, 2, 2, 0, 0, 0, 0, 0, 0, 2, 0, 3, 0, 0, 2, 2, 0, 0, 2, 2, 2, 2, 2, 0, 2, 0, 0, 0, 0, 2, 2, 0, 2, 2, 2, 2, 0, 0, 0, 2, 0, 2, 0, 2, 2, 2, 0, 0, 0, 0, 0, 0, 0, 0, 0, 2, 0, 3, 0, 0, 0, 1, 0, 0, 2, 2, 2, 0, 2, 2, 0, 0, 2, 0, 0, 0, 0, 0, 0, 1, 0, 2, 0, 2, 1, 0, 2, 2, 2, 2, 2, 0, 0, 2, 2, 2, 2, 2, 0, 2, 1, 0, 0, 2, 0, 0, 0, 0, 2, 3, 0, 3, 1, 2, 0, 2, 0, 0, 0, 0, 0, 3, 1, 0, 2, 2, 2, 0, 0, 2, 0, 2, 0, 0, 0, 2, 2, 2, 2, 2, 2, 2, 0, 0, 0, 0, 2, 0, 0, 1, 0, 0, 0, 2, 0, 2, 2, 2, 0, 3, 3, 2, 0, 0, 2, 2, 0, 0, 2, 0, 0, 2, 0, 0, 2, 0, 0, 0, 0, 2, 3, 2, 0, 3, 2, 1, 2, 0, 0, 0, 2, 0, 2, 2, 2, 0, 2, 1, 2, 0, 0, 0, 0, 2, 0, 0, 2, 0, 0, 1]
[2, 0, 2, 0, 2, 0, 0, 2, 2, 0, 3, 0, 1, 2, 0, 2, 2, 2, 0, 0, 2, 0, 0, 0, 0, 1, 2, 0, 1, 0, 0, 0, 0, 0, 0, 1, 0, 0, 0, 2, 2, 2, 0, 0, 0, 0, 0, 0, 0, 2, 0, 2, 0, 0, 0, 2, 0, 2, 2, 0, 2, 0, 2, 0, 0, 0, 0, 0, 0, 0, 3, 0, 0, 0, 2, 2, 0, 0, 0, 2, 0, 2, 0, 2, 0, 0, 0, 0, 2, 2, 0, 2, 2, 0, 2, 1, 2, 0, 2, 0, 1, 0, 2, 0, 0, 0, 2, 1, 0, 0, 0, 2, 0, 2, 0, 0, 2, 0, 0, 0, 2, 2, 2, 2, 0, 1, 0, 0, 0, 0, 0, 2, 0, 2, 0, 1, 2, 0, 2, 0, 2, 0, 0, 0, 2, 0, 0, 2, 2, 3, 2, 0, 0, 0, 2, 3, 0, 2, 0, 3, 2, 2, 0, 2, 0, 0, 0, 2, 0, 0, 2, 0, 2, 0, 0, 2, 0, 0, 2, 0, 0, 0, 0, 0, 0, 0, 0, 0, 0, 0, 2, 0, 2, 0, 3, 0, 0, 0, 0, 2, 0, 2, 2, 0, 2, 2, 0, 0, 0, 0, 0, 0, 2, 0, 3, 0, 0, 2, 2, 0, 0, 0, 0, 0, 2, 2, 0, 2, 0, 0, 0, 0, 2, 2, 0, 0, 0, 2, 2, 0, 0, 0, 2, 0, 2, 0, 2, 2, 0, 0, 0, 0, 0, 0, 0, 0, 0, 0, 2, 0, 3, 0, 0, 0, 0, 0, 0, 2, 2, 2, 0, 2, 2, 0, 0, 2, 0, 0, 0, 0, 0, 0, 1, 0, 2, 0, 2, 1, 0, 2, 0, 2, 2, 2, 0, 0, 2, 2, 2, 2, 2, 0, 2, 0, 0, 0, 2, 0, 0, 0, 0, 2, 3, 0, 3, 1, 2, 0, 2, 0, 0, 0, 0, 0, 3, 1, 0, 2, 2, 0, 0, 0, 0, 0, 2, 0, 0, 0, 2, 0, 0, 2, 2, 0, 2, 0, 0, 0, 0, 2, 0, 0, 0, 0, 0, 0, 2, 0, 2, 2, 2, 0, 0, 3, 2, 0, 0, 2, 2, 0, 0, 2, 0, 0, 2, 0, 0, 0, 0, 0, 0, 0, 0, 3, 2, 0, 3, 2, 0, 0, 0, 0, 0, 0, 0, 0, 2, 0, 0, 2, 1, 2, 0, 0, 0, 0, 0, 0, 0, 2, 0, 0, 1]
              precision    recall  f1-score   support

  __label__0  0.80078125 1.00000000 0.88937093       205
  __label__1  1.00000000 0.68181818 0.81081081        22
  __label__2  1.00000000 0.75294118 0.85906040       170
  __label__3  1.00000000 0.87500000 0.93333333        16

    accuracy                      0.87651332       413
   macro avg  0.95019531 0.82743984 0.87314387       413
weighted avg  0.90111418 0.87651332 0.87441279       413

accuracy	 0.8765133171912833
Warning : `load_model` does not return WordVectorModel or SupervisedModel any more, but a `FastText` object which is very similar.
100%|██████████| 413/413 [00:00<00:00, 4141.06it/s]
[0, 2, 2, 2, 2, 2, 0, 2, 2, 0, 0, 2, 0, 2, 2, 0, 0, 1, 2, 0, 3, 2, 0, 0, 2, 0, 0, 2, 0, 1, 2, 0, 3, 0, 0, 2, 0, 2, 0, 0, 0, 1, 2, 0, 0, 0, 0, 0, 0, 2, 0, 2, 0, 3, 0, 2, 3, 2, 0, 0, 2, 0, 2, 0, 0, 2, 2, 2, 2, 1, 0, 0, 2, 2, 0, 0, 2, 2, 0, 2, 1, 2, 2, 0, 2, 2, 0, 2, 2, 2, 0, 0, 0, 2, 2, 2, 0, 0, 2, 0, 0, 2, 2, 2, 2, 0, 2, 2, 0, 0, 0, 2, 2, 0, 0, 0, 2, 0, 0, 0, 3, 3, 2, 0, 2, 0, 0, 0, 2, 0, 2, 1, 0, 0, 0, 2, 0, 0, 2, 0, 2, 0, 2, 0, 2, 2, 0, 0, 0, 2, 0, 0, 1, 0, 2, 2, 3, 2, 1, 2, 0, 0, 2, 2, 2, 2, 2, 2, 0, 0, 1, 2, 0, 2, 1, 2, 3, 2, 2, 2, 2, 2, 0, 0, 0, 2, 0, 2, 2, 0, 0, 2, 0, 0, 2, 0, 2, 0, 0, 2, 0, 0, 2, 2, 2, 2, 2, 0, 0, 2, 2, 0, 0, 0, 1, 2, 2, 0, 2, 0, 0, 1, 2, 0, 1, 3, 2, 2, 0, 2, 1, 0, 0, 0, 2, 2, 0, 2, 0, 2, 2, 0, 0, 0, 2, 0, 0, 0, 0, 2, 0, 0, 2, 0, 2, 0, 0, 0, 0, 0, 0, 2, 0, 2, 2, 2, 0, 2, 0, 0, 3, 0, 0, 2, 2, 0, 0, 3, 2, 2, 2, 0, 0, 0, 0, 0, 2, 0, 1, 2, 3, 2, 2, 0, 0, 2, 0, 0, 0, 0, 2, 0, 1, 2, 0, 2, 2, 0, 1, 0, 1, 0, 2, 0, 2, 0, 1, 0, 0, 0, 2, 0, 0, 0, 1, 0, 0, 0, 2, 0, 0, 0, 0, 0, 0, 2, 0, 2, 2, 0, 0, 0, 0, 0, 0, 3, 3, 0, 0, 2, 0, 2, 2, 2, 2, 0, 0, 2, 2, 0, 2, 2, 0, 2, 0, 2, 0, 2, 2, 0, 2, 0, 0, 1, 2, 2, 2, 2, 2, 0, 0, 0, 0, 2, 2, 0, 0, 2, 0, 0, 3, 0, 2, 2, 0, 2, 0, 0, 2, 2, 0, 2, 0, 0, 2, 2, 2, 0, 2, 0, 0, 3, 1]
[0, 2, 2, 0, 2, 2, 0, 0, 2, 0, 0, 2, 0, 2, 2, 0, 0, 1, 2, 0, 3, 2, 0, 0, 0, 0, 0, 2, 0, 1, 2, 0, 3, 0, 0, 2, 0, 2, 0, 0, 0, 1, 2, 0, 0, 0, 0, 0, 0, 2, 0, 2, 0, 3, 0, 2, 3, 2, 0, 0, 2, 0, 2, 0, 0, 2, 2, 0, 2, 1, 0, 0, 2, 2, 0, 0, 2, 0, 0, 2, 1, 2, 2, 0, 2, 2, 0, 2, 2, 2, 0, 0, 0, 2, 0, 2, 0, 0, 2, 0, 0, 2, 2, 2, 2, 0, 0, 2, 0, 0, 0, 0, 2, 0, 0, 0, 2, 0, 0, 0, 3, 3, 2, 0, 2, 0, 0, 0, 2, 0, 0, 1, 0, 0, 0, 2, 0, 0, 2, 0, 0, 0, 2, 0, 2, 0, 0, 0, 0, 2, 0, 0, 0, 0, 2, 2, 3, 2, 1, 2, 0, 0, 2, 2, 2, 0, 2, 2, 0, 0, 1, 2, 0, 2, 1, 0, 3, 2, 2, 2, 2, 2, 0, 0, 0, 0, 0, 2, 2, 0, 0, 2, 0, 0, 2, 0, 2, 0, 0, 2, 0, 0, 0, 2, 2, 2, 2, 0, 0, 2, 0, 0, 0, 0, 1, 0, 0, 0, 2, 0, 0, 1, 0, 0, 0, 3, 2, 0, 0, 0, 1, 0, 0, 0, 2, 2, 0, 2, 0, 2, 0, 0, 0, 0, 2, 0, 0, 0, 0, 2, 0, 0, 2, 0, 2, 0, 0, 0, 0, 0, 0, 2, 0, 0, 0, 2, 0, 2, 0, 0, 3, 0, 0, 2, 2, 0, 0, 3, 2, 2, 2, 0, 0, 0, 0, 0, 2, 0, 1, 2, 3, 2, 2, 0, 0, 2, 0, 0, 0, 0, 0, 0, 1, 2, 0, 2, 2, 0, 1, 0, 1, 0, 2, 0, 2, 0, 1, 0, 0, 0, 0, 0, 0, 0, 1, 0, 0, 0, 0, 0, 0, 0, 0, 0, 0, 2, 0, 2, 2, 0, 0, 0, 0, 0, 0, 3, 3, 0, 0, 2, 0, 2, 2, 0, 2, 0, 0, 0, 2, 0, 0, 2, 0, 2, 0, 2, 0, 2, 2, 0, 2, 0, 0, 1, 2, 2, 2, 2, 2, 0, 0, 0, 0, 2, 2, 0, 0, 2, 0, 0, 0, 0, 2, 2, 0, 2, 0, 0, 2, 2, 0, 2, 0, 0, 2, 2, 2, 0, 2, 0, 0, 3, 0]
              precision    recall  f1-score   support

  __label__0  0.85774059 1.00000000 0.92342342       205
  __label__1  1.00000000 0.86363636 0.92682927        22
  __label__2  1.00000000 0.82352941 0.90322581       170
  __label__3  1.00000000 0.93750000 0.96774194        16

    accuracy                      0.91767554       413
   macro avg  0.96443515 0.90616644 0.93030511       413
weighted avg  0.92938697 0.91767554 0.91700800       413

accuracy	 0.9176755447941889
Warning : `load_model` does not return WordVectorModel or SupervisedModel any more, but a `FastText` object which is very similar.
100%|██████████| 413/413 [00:00<00:00, 4705.70it/s]
[1, 2, 0, 2, 2, 0, 1, 0, 2, 2, 3, 0, 2, 2, 0, 2, 0, 2, 2, 2, 0, 0, 0, 3, 2, 2, 2, 0, 0, 2, 2, 2, 0, 0, 2, 2, 0, 2, 3, 2, 2, 2, 0, 0, 0, 0, 0, 2, 2, 1, 2, 0, 2, 0, 0, 0, 2, 2, 0, 0, 1, 2, 2, 2, 0, 2, 0, 0, 1, 2, 0, 0, 0, 2, 0, 2, 0, 2, 1, 2, 0, 2, 0, 0, 0, 2, 0, 0, 0, 0, 1, 2, 0, 2, 0, 0, 0, 0, 2, 3, 0, 0, 3, 0, 2, 2, 0, 2, 2, 2, 0, 2, 0, 2, 2, 2, 0, 2, 0, 0, 2, 2, 0, 0, 0, 2, 0, 2, 0, 0, 0, 2, 0, 0, 0, 0, 0, 2, 2, 0, 0, 0, 2, 2, 2, 2, 0, 3, 0, 0, 2, 0, 2, 2, 0, 2, 1, 2, 0, 0, 0, 0, 2, 1, 0, 2, 0, 0, 0, 0, 2, 2, 2, 0, 3, 2, 0, 2, 2, 0, 2, 2, 2, 0, 0, 0, 2, 0, 2, 0, 0, 2, 2, 2, 0, 0, 2, 0, 0, 0, 2, 0, 0, 0, 0, 0, 0, 2, 0, 2, 2, 0, 2, 0, 0, 0, 0, 0, 3, 2, 0, 0, 2, 0, 2, 0, 0, 2, 2, 1, 0, 2, 1, 0, 0, 2, 0, 2, 0, 0, 0, 0, 3, 0, 2, 1, 2, 0, 2, 0, 0, 3, 0, 0, 2, 0, 1, 0, 0, 2, 2, 0, 2, 0, 2, 0, 0, 1, 2, 0, 0, 3, 0, 2, 0, 0, 2, 0, 2, 2, 1, 2, 0, 0, 2, 2, 0, 1, 2, 0, 2, 0, 2, 0, 0, 2, 0, 2, 0, 0, 0, 3, 2, 1, 0, 0, 0, 2, 0, 2, 0, 1, 0, 0, 2, 2, 2, 0, 2, 0, 2, 2, 2, 2, 2, 2, 2, 2, 2, 2, 0, 0, 2, 0, 1, 0, 2, 0, 3, 2, 0, 0, 1, 2, 0, 2, 0, 0, 0, 2, 2, 0, 2, 3, 2, 0, 0, 0, 0, 2, 0, 0, 0, 2, 1, 0, 2, 3, 2, 0, 2, 0, 3, 1, 0, 0, 2, 2, 2, 0, 0, 0, 0, 0, 2, 0, 0, 0, 2, 2, 2, 2, 2, 0, 0, 2, 0, 2, 2, 2, 0, 0, 0, 0, 0, 0, 2, 2, 2, 2, 2, 2, 0]
[0, 2, 0, 2, 0, 0, 1, 0, 2, 2, 3, 0, 2, 2, 0, 2, 0, 2, 0, 0, 0, 0, 0, 0, 0, 0, 2, 0, 0, 2, 2, 0, 0, 0, 2, 0, 0, 2, 3, 2, 2, 0, 0, 0, 0, 0, 0, 2, 2, 1, 2, 0, 2, 0, 0, 0, 2, 2, 0, 0, 1, 0, 2, 2, 0, 0, 0, 0, 1, 0, 0, 0, 0, 0, 0, 2, 0, 2, 1, 2, 0, 0, 0, 0, 0, 2, 0, 0, 0, 0, 1, 2, 0, 2, 0, 0, 0, 0, 2, 3, 0, 0, 3, 0, 2, 2, 0, 2, 2, 2, 0, 2, 0, 2, 2, 2, 0, 2, 0, 0, 2, 0, 0, 0, 0, 2, 0, 2, 0, 0, 0, 0, 0, 0, 0, 0, 0, 0, 2, 0, 0, 0, 2, 2, 2, 0, 0, 3, 0, 0, 2, 0, 2, 2, 0, 2, 0, 2, 0, 0, 0, 0, 2, 1, 0, 2, 0, 0, 0, 0, 0, 2, 2, 0, 3, 2, 0, 2, 2, 0, 2, 2, 2, 0, 0, 0, 0, 0, 2, 0, 0, 2, 2, 2, 0, 0, 2, 0, 0, 0, 2, 0, 0, 0, 0, 0, 0, 2, 0, 0, 2, 0, 2, 0, 0, 0, 0, 0, 3, 2, 0, 0, 0, 0, 2, 0, 0, 2, 2, 1, 0, 0, 0, 0, 0, 2, 0, 2, 0, 0, 0, 0, 3, 0, 2, 1, 2, 0, 0, 0, 0, 3, 0, 0, 2, 0, 1, 0, 0, 2, 2, 0, 2, 0, 2, 0, 0, 1, 2, 0, 0, 0, 0, 2, 0, 0, 2, 0, 2, 2, 1, 2, 0, 0, 2, 0, 0, 0, 2, 0, 2, 0, 2, 0, 0, 2, 0, 2, 0, 0, 0, 3, 2, 0, 0, 0, 0, 2, 0, 2, 0, 1, 0, 0, 2, 2, 2, 0, 2, 0, 2, 2, 2, 2, 2, 0, 2, 2, 2, 2, 0, 0, 2, 0, 1, 0, 2, 0, 0, 0, 0, 0, 1, 2, 0, 2, 0, 0, 0, 2, 2, 0, 2, 3, 2, 0, 0, 0, 0, 2, 0, 0, 0, 2, 1, 0, 2, 3, 0, 0, 2, 0, 3, 1, 0, 0, 2, 2, 2, 0, 0, 0, 0, 0, 0, 0, 0, 0, 2, 2, 0, 2, 2, 0, 0, 2, 0, 0, 2, 0, 0, 0, 0, 0, 0, 0, 2, 0, 2, 2, 0, 2, 0]
              precision    recall  f1-score   support

  __label__0  0.83333333 1.00000000 0.90909091       205
  __label__1  1.00000000 0.77272727 0.87179487        22
  __label__2  1.00000000 0.80588235 0.89250814       170
  __label__3  1.00000000 0.81250000 0.89655172        16

    accuracy                      0.90072639       413
   macro avg  0.95833333 0.84777741 0.89248641       413
weighted avg  0.91727199 0.90072639 0.89979258       413

accuracy	 0.9007263922518159
Warning : `load_model` does not return WordVectorModel or SupervisedModel any more, but a `FastText` object which is very similar.
100%|██████████| 413/413 [00:00<00:00, 4100.04it/s]
[0, 0, 3, 2, 2, 0, 2, 0, 2, 0, 2, 2, 2, 1, 0, 0, 1, 0, 2, 0, 0, 2, 0, 0, 2, 3, 2, 0, 0, 0, 2, 0, 0, 2, 0, 2, 0, 0, 1, 0, 0, 0, 2, 2, 2, 2, 2, 2, 0, 0, 0, 0, 0, 0, 3, 2, 1, 0, 0, 0, 0, 0, 2, 2, 3, 2, 0, 0, 2, 3, 0, 0, 2, 3, 0, 0, 0, 0, 0, 0, 2, 2, 2, 2, 2, 2, 2, 0, 0, 0, 2, 0, 0, 2, 0, 0, 0, 2, 0, 2, 2, 2, 0, 2, 2, 2, 0, 0, 2, 0, 0, 0, 0, 0, 0, 0, 2, 2, 2, 2, 2, 2, 0, 0, 1, 2, 2, 2, 0, 0, 0, 1, 0, 0, 2, 0, 2, 0, 0, 2, 2, 0, 2, 3, 1, 2, 0, 2, 0, 0, 2, 2, 1, 0, 0, 0, 2, 2, 2, 0, 2, 3, 2, 2, 2, 0, 1, 2, 2, 2, 0, 0, 2, 2, 0, 2, 2, 0, 0, 0, 2, 2, 0, 2, 0, 3, 1, 0, 0, 2, 0, 0, 2, 0, 0, 2, 2, 0, 2, 0, 2, 0, 2, 2, 0, 0, 0, 2, 0, 2, 2, 2, 0, 0, 0, 2, 2, 3, 0, 0, 0, 0, 1, 0, 0, 1, 0, 0, 2, 2, 2, 2, 0, 2, 0, 2, 0, 0, 0, 0, 0, 0, 2, 0, 2, 0, 0, 2, 3, 2, 2, 0, 1, 0, 2, 2, 2, 0, 0, 2, 0, 1, 1, 0, 0, 0, 0, 0, 0, 0, 2, 0, 0, 0, 0, 2, 0, 0, 0, 0, 2, 2, 1, 2, 2, 0, 2, 2, 0, 0, 2, 0, 0, 0, 0, 2, 0, 0, 0, 2, 0, 0, 2, 2, 2, 0, 3, 1, 0, 2, 2, 2, 0, 2, 3, 2, 2, 2, 2, 0, 0, 2, 0, 0, 2, 2, 2, 2, 0, 1, 0, 2, 2, 3, 0, 1, 0, 2, 2, 3, 2, 0, 2, 0, 0, 2, 0, 2, 2, 0, 2, 0, 0, 0, 0, 2, 2, 2, 0, 0, 0, 0, 0, 0, 2, 2, 0, 0, 2, 0, 2, 0, 2, 0, 0, 1, 2, 2, 2, 0, 0, 0, 0, 0, 2, 2, 2, 2, 2, 2, 0, 1, 0, 2, 0, 2, 0, 2, 2, 0, 3, 2, 2, 2, 0, 0, 0, 0, 0, 1, 2, 2, 0]
[0, 0, 3, 0, 2, 0, 2, 0, 2, 0, 2, 2, 2, 1, 0, 0, 1, 0, 0, 0, 0, 2, 0, 0, 2, 0, 0, 0, 0, 0, 0, 0, 0, 2, 0, 2, 0, 0, 0, 0, 0, 0, 0, 2, 2, 2, 2, 2, 0, 0, 0, 0, 0, 0, 3, 2, 1, 0, 0, 0, 0, 0, 2, 2, 3, 0, 0, 0, 2, 3, 0, 0, 2, 3, 0, 0, 0, 0, 0, 0, 2, 0, 2, 2, 2, 2, 2, 0, 0, 0, 2, 0, 0, 0, 0, 0, 0, 0, 0, 2, 2, 0, 0, 2, 2, 2, 0, 0, 2, 0, 0, 0, 0, 0, 0, 0, 0, 2, 2, 2, 2, 2, 0, 0, 1, 2, 2, 2, 0, 0, 0, 1, 0, 0, 2, 0, 2, 0, 0, 0, 0, 0, 2, 3, 1, 0, 0, 2, 0, 0, 2, 2, 1, 0, 0, 0, 2, 2, 0, 0, 2, 3, 2, 2, 2, 0, 0, 2, 0, 2, 0, 0, 2, 2, 0, 2, 0, 0, 0, 0, 2, 2, 0, 2, 0, 3, 1, 0, 0, 2, 0, 0, 0, 0, 0, 2, 2, 0, 2, 0, 2, 0, 2, 2, 0, 0, 0, 0, 0, 2, 2, 2, 0, 0, 0, 2, 2, 3, 0, 0, 0, 0, 1, 0, 0, 0, 0, 0, 2, 2, 2, 2, 0, 2, 0, 0, 0, 0, 0, 0, 0, 0, 2, 0, 2, 0, 0, 0, 3, 0, 2, 0, 1, 0, 2, 2, 2, 0, 0, 2, 0, 1, 1, 0, 0, 0, 0, 0, 0, 0, 0, 0, 0, 0, 0, 0, 0, 0, 0, 0, 2, 2, 1, 2, 2, 0, 2, 2, 0, 0, 2, 0, 0, 0, 0, 2, 0, 0, 0, 0, 0, 0, 2, 2, 2, 0, 0, 1, 0, 0, 2, 0, 0, 2, 0, 2, 2, 2, 0, 0, 0, 0, 0, 0, 2, 0, 2, 0, 0, 1, 0, 2, 2, 3, 0, 0, 0, 2, 2, 3, 2, 0, 0, 0, 0, 2, 0, 2, 2, 0, 2, 0, 0, 0, 0, 2, 2, 2, 0, 0, 0, 0, 0, 0, 2, 2, 0, 0, 2, 0, 2, 0, 2, 0, 0, 1, 2, 2, 2, 0, 0, 0, 0, 0, 2, 0, 2, 2, 2, 2, 0, 1, 0, 2, 0, 2, 0, 2, 0, 0, 3, 2, 2, 2, 0, 0, 0, 0, 0, 0, 2, 2, 0]
              precision    recall  f1-score   support

  __label__0  0.82995951 1.00000000 0.90707965       205
  __label__1  1.00000000 0.77272727 0.87179487        22
  __label__2  1.00000000 0.80000000 0.88888889       170
  __label__3  1.00000000 0.81250000 0.89655172        16

    accuracy                      0.89830508       413
   macro avg  0.95748988 0.84630682 0.89107878       413
weighted avg  0.91559734 0.89830508 0.89730449       413

accuracy	 0.8983050847457628
Warning : `load_model` does not return WordVectorModel or SupervisedModel any more, but a `FastText` object which is very similar.
100%|██████████| 413/413 [00:00<00:00, 1732.65it/s]
[2, 0, 2, 2, 0, 1, 2, 0, 3, 2, 0, 2, 1, 0, 0, 1, 2, 2, 2, 2, 1, 0, 0, 2, 2, 0, 2, 0, 2, 2, 1, 2, 3, 2, 0, 0, 0, 0, 0, 2, 0, 2, 0, 2, 2, 2, 0, 0, 0, 2, 2, 2, 2, 0, 0, 0, 0, 0, 3, 0, 0, 2, 2, 2, 3, 0, 2, 0, 2, 2, 2, 0, 1, 2, 3, 0, 0, 2, 0, 0, 0, 1, 0, 1, 1, 2, 2, 2, 0, 0, 0, 2, 0, 0, 0, 0, 2, 0, 0, 0, 0, 2, 0, 0, 2, 2, 2, 0, 0, 0, 2, 0, 0, 0, 0, 0, 0, 2, 0, 0, 2, 3, 2, 1, 0, 0, 2, 0, 2, 0, 0, 0, 2, 0, 0, 2, 2, 2, 0, 3, 0, 0, 0, 2, 0, 2, 2, 2, 0, 0, 0, 2, 0, 0, 0, 0, 0, 0, 0, 2, 1, 2, 2, 2, 0, 0, 0, 0, 3, 1, 0, 2, 2, 0, 0, 2, 0, 2, 2, 0, 1, 0, 0, 2, 3, 2, 0, 0, 1, 0, 0, 1, 2, 2, 2, 3, 1, 0, 0, 0, 2, 0, 0, 2, 2, 0, 0, 0, 0, 2, 0, 2, 0, 0, 0, 2, 2, 0, 0, 0, 2, 2, 2, 0, 0, 0, 2, 2, 0, 0, 2, 2, 0, 2, 0, 0, 2, 0, 1, 2, 0, 0, 0, 2, 0, 0, 0, 2, 2, 0, 2, 0, 2, 2, 0, 0, 2, 2, 0, 1, 2, 0, 3, 0, 2, 2, 0, 2, 0, 2, 0, 0, 0, 2, 0, 2, 0, 0, 0, 0, 0, 2, 0, 0, 2, 2, 2, 0, 0, 2, 2, 2, 0, 0, 2, 0, 0, 0, 0, 2, 2, 2, 1, 0, 0, 0, 0, 2, 2, 2, 2, 0, 0, 2, 2, 3, 2, 2, 2, 2, 0, 0, 0, 0, 0, 3, 2, 2, 2, 0, 2, 2, 0, 0, 1, 0, 0, 2, 2, 0, 0, 0, 3, 2, 2, 2, 2, 2, 2, 0, 2, 2, 0, 0, 0, 2, 3, 0, 0, 2, 0, 2, 0, 2, 3, 1, 2, 2, 0, 2, 2, 2, 0, 0, 2, 2, 2, 0, 2, 2, 2, 2, 2, 0, 0, 2, 2, 0, 2, 0, 0, 0, 0, 2, 0, 2, 2, 2, 0, 2, 0, 0, 0, 0, 0, 2, 2, 0, 0, 2, 1, 2, 0]
[2, 0, 2, 2, 0, 1, 0, 0, 3, 2, 0, 2, 1, 0, 0, 1, 0, 2, 2, 2, 0, 0, 0, 2, 2, 0, 0, 0, 2, 2, 1, 2, 3, 2, 0, 0, 0, 0, 0, 2, 0, 2, 0, 2, 2, 2, 0, 0, 0, 2, 0, 2, 2, 0, 0, 0, 0, 0, 0, 0, 0, 2, 0, 2, 3, 0, 0, 0, 0, 2, 0, 0, 1, 2, 3, 0, 0, 2, 0, 0, 0, 1, 0, 1, 1, 2, 2, 2, 0, 0, 0, 2, 0, 0, 0, 0, 2, 0, 0, 0, 0, 2, 0, 0, 2, 0, 0, 0, 0, 0, 2, 0, 0, 0, 0, 0, 0, 2, 0, 0, 2, 3, 2, 0, 0, 0, 2, 0, 2, 0, 0, 0, 2, 0, 0, 2, 2, 2, 0, 3, 0, 0, 0, 2, 0, 0, 2, 2, 0, 0, 0, 2, 0, 0, 0, 0, 0, 0, 0, 0, 1, 0, 2, 0, 0, 0, 0, 0, 0, 1, 0, 0, 2, 0, 0, 2, 0, 2, 2, 0, 0, 0, 0, 0, 0, 0, 0, 0, 0, 0, 0, 1, 2, 0, 2, 3, 0, 0, 0, 0, 0, 0, 0, 2, 2, 0, 0, 0, 0, 2, 0, 2, 0, 0, 0, 2, 2, 0, 0, 0, 2, 2, 0, 0, 0, 0, 2, 2, 0, 0, 2, 0, 0, 2, 0, 0, 2, 0, 1, 2, 0, 0, 0, 2, 0, 0, 0, 2, 2, 0, 2, 0, 0, 2, 0, 0, 2, 0, 0, 0, 0, 0, 0, 0, 0, 2, 0, 2, 0, 2, 0, 0, 0, 0, 0, 0, 0, 0, 0, 0, 0, 2, 0, 0, 0, 2, 2, 0, 0, 2, 0, 2, 0, 0, 2, 0, 0, 0, 0, 2, 0, 2, 0, 0, 0, 0, 0, 2, 2, 2, 0, 0, 0, 2, 0, 3, 2, 2, 2, 0, 0, 0, 0, 0, 0, 3, 0, 2, 2, 0, 2, 0, 0, 0, 1, 0, 0, 2, 2, 0, 0, 0, 0, 2, 0, 2, 2, 2, 2, 0, 2, 2, 0, 0, 0, 2, 3, 0, 0, 2, 0, 2, 0, 2, 0, 1, 2, 0, 0, 2, 2, 2, 0, 0, 2, 2, 2, 0, 2, 2, 2, 2, 0, 0, 0, 0, 2, 0, 0, 0, 0, 0, 0, 2, 0, 2, 0, 2, 0, 2, 0, 0, 0, 0, 0, 2, 2, 0, 0, 2, 1, 2, 0]
Warning : `load_model` does not return WordVectorModel or SupervisedModel any more, but a `FastText` object which is very similar.
              precision    recall  f1-score   support

  __label__0  0.79150579 1.00000000 0.88362069       205
  __label__1  1.00000000 0.68181818 0.81081081        22
  __label__2  1.00000000 0.75882353 0.86287625       170
  __label__3  1.00000000 0.62500000 0.76923077        16

    accuracy                      0.86924939       413
   macro avg  0.94787645 0.76641043 0.83163463       413
weighted avg  0.89651014 0.86924939 0.86677175       413

accuracy	 0.8692493946731235
100%|██████████| 413/413 [00:00<00:00, 3286.62it/s]
[0, 0, 1, 0, 2, 2, 0, 0, 0, 0, 1, 2, 0, 0, 0, 2, 0, 0, 0, 1, 2, 2, 2, 2, 0, 3, 0, 2, 2, 2, 2, 1, 2, 2, 0, 2, 0, 0, 2, 0, 2, 0, 0, 1, 2, 0, 2, 0, 0, 0, 0, 0, 2, 0, 0, 2, 2, 1, 2, 0, 0, 0, 0, 0, 2, 3, 0, 2, 3, 0, 0, 2, 2, 0, 2, 0, 0, 1, 0, 2, 2, 0, 0, 2, 0, 0, 2, 2, 0, 0, 0, 2, 0, 2, 2, 2, 0, 2, 2, 1, 2, 0, 2, 2, 2, 1, 0, 2, 0, 2, 1, 0, 2, 1, 0, 2, 0, 2, 2, 2, 0, 2, 2, 0, 2, 0, 0, 0, 2, 0, 0, 0, 0, 0, 2, 0, 0, 0, 0, 1, 0, 2, 2, 2, 3, 0, 0, 0, 3, 0, 0, 0, 2, 0, 2, 2, 3, 0, 0, 2, 0, 0, 2, 0, 0, 1, 2, 2, 3, 0, 0, 2, 2, 0, 1, 0, 1, 3, 2, 0, 2, 2, 0, 0, 2, 0, 2, 0, 0, 0, 2, 2, 0, 0, 0, 0, 0, 3, 0, 2, 0, 3, 0, 2, 0, 0, 0, 0, 0, 0, 0, 0, 0, 2, 0, 0, 2, 2, 2, 2, 1, 0, 0, 2, 0, 2, 2, 1, 2, 0, 0, 2, 0, 0, 0, 2, 0, 0, 0, 2, 2, 0, 2, 0, 2, 0, 0, 2, 2, 2, 2, 2, 0, 0, 2, 3, 2, 2, 0, 0, 2, 2, 0, 2, 0, 2, 2, 0, 0, 2, 0, 3, 2, 0, 2, 0, 2, 0, 2, 2, 2, 2, 0, 2, 2, 0, 2, 0, 0, 2, 2, 0, 0, 2, 0, 0, 2, 2, 0, 3, 0, 0, 0, 0, 0, 0, 0, 2, 1, 2, 0, 3, 2, 0, 2, 2, 2, 0, 0, 0, 2, 0, 2, 2, 0, 2, 2, 0, 2, 2, 0, 2, 0, 1, 0, 2, 2, 2, 2, 2, 0, 0, 2, 1, 2, 2, 2, 0, 2, 2, 2, 0, 2, 0, 0, 2, 0, 1, 2, 0, 0, 0, 2, 2, 2, 0, 0, 2, 0, 1, 0, 2, 0, 2, 2, 2, 0, 0, 2, 0, 2, 0, 2, 0, 2, 2, 2, 2, 0, 0, 0, 0, 0, 2, 0, 2, 0, 2, 2, 0, 0, 3, 0, 0, 2, 3, 0, 2, 0, 0, 0, 0, 0]
[0, 0, 0, 0, 2, 2, 0, 0, 0, 0, 1, 2, 0, 0, 0, 0, 0, 0, 0, 0, 2, 2, 2, 0, 0, 0, 0, 2, 0, 2, 2, 1, 2, 2, 0, 2, 0, 0, 2, 0, 2, 0, 0, 0, 0, 0, 0, 0, 0, 0, 0, 0, 2, 0, 0, 0, 0, 1, 0, 0, 0, 0, 0, 0, 2, 3, 0, 2, 3, 0, 0, 2, 0, 0, 2, 0, 0, 1, 0, 2, 2, 0, 0, 0, 0, 0, 2, 2, 0, 0, 0, 0, 0, 2, 2, 2, 0, 2, 2, 1, 2, 0, 2, 2, 0, 1, 0, 2, 0, 2, 1, 0, 2, 0, 0, 2, 0, 2, 2, 0, 0, 0, 2, 0, 2, 0, 0, 0, 2, 0, 0, 0, 0, 0, 2, 0, 0, 0, 0, 1, 0, 2, 2, 2, 3, 0, 0, 0, 3, 0, 0, 0, 2, 0, 0, 2, 0, 0, 0, 2, 0, 0, 2, 0, 0, 1, 2, 2, 3, 0, 0, 2, 2, 0, 1, 0, 1, 0, 2, 0, 2, 2, 0, 0, 2, 0, 2, 0, 0, 0, 2, 2, 0, 0, 0, 0, 0, 3, 0, 0, 0, 3, 0, 0, 0, 0, 0, 0, 0, 0, 0, 0, 0, 2, 0, 0, 2, 2, 2, 2, 1, 0, 0, 2, 0, 2, 2, 1, 0, 0, 0, 0, 0, 0, 0, 0, 0, 0, 0, 2, 0, 0, 2, 0, 0, 0, 0, 0, 2, 2, 2, 0, 0, 0, 0, 3, 2, 0, 0, 0, 2, 2, 0, 2, 0, 2, 2, 0, 0, 0, 0, 0, 2, 0, 2, 0, 2, 0, 0, 2, 2, 2, 0, 2, 2, 0, 2, 0, 0, 0, 0, 0, 0, 2, 0, 0, 2, 0, 0, 0, 0, 0, 0, 0, 0, 0, 0, 2, 1, 2, 0, 3, 2, 0, 2, 2, 2, 0, 0, 0, 2, 0, 2, 2, 0, 2, 2, 0, 2, 2, 0, 2, 0, 1, 0, 2, 2, 2, 2, 2, 0, 0, 2, 0, 0, 2, 2, 0, 2, 2, 2, 0, 0, 0, 0, 2, 0, 0, 2, 0, 0, 0, 2, 2, 0, 0, 0, 2, 0, 1, 0, 2, 0, 0, 2, 2, 0, 0, 0, 0, 2, 0, 0, 0, 2, 2, 0, 2, 0, 0, 0, 0, 0, 2, 0, 2, 0, 2, 2, 0, 0, 0, 0, 0, 2, 3, 0, 2, 0, 0, 0, 0, 0]
              precision    recall  f1-score   support

  __label__0  0.80392157 1.00000000 0.89130435       205
  __label__1  1.00000000 0.72727273 0.84210526        22
  __label__2  1.00000000 0.77647059 0.87417219       170
  __label__3  1.00000000 0.62500000 0.76923077        16

    accuracy                      0.87893462       413
   macro avg  0.95098039 0.78218583 0.84420314       413
weighted avg  0.90267293 0.87893462 0.87690235       413

accuracy	 0.8789346246973365

Process finished with exit code 0
